Time (s)	Position (m)	Velocity (ms^-1)	kinetic_energy (J)
0.000	-5.646E-2	1.791E-2		
0.010	-5.454E-2	1.791E-2	0.240	7.802E-3
0.020	-5.166E-2	1.791E-2	0.433	2.528E-2
0.030	-4.589E-2	1.791E-2	0.529	3.776E-2
0.040	-4.108E-2	1.791E-2	0.481	3.121E-2
0.050	-3.627E-2	1.791E-2	0.625	5.306E-2
0.060	-2.858E-2	1.694E-2	0.769	8.021E-2
0.070	-2.088E-2	1.694E-2	0.673	6.117E-2
0.080	-1.511E-2	1.694E-2	0.721	7.053E-2
0.090	-6.460E-3	1.791E-2	0.625	5.306E-2
0.100	-2.613E-3	1.791E-2	0.577	4.525E-2
0.110	5.080E-3	1.887E-2	0.721	7.147E-2
0.120	1.181E-2	1.983E-2	0.625	5.306E-2
0.130	1.758E-2	1.983E-2	0.721	7.053E-2
0.140	2.624E-2	2.079E-2	0.673	6.148E-2
0.150	3.104E-2	2.079E-2	0.481	3.152E-2
0.160	3.585E-2	2.175E-2	0.577	4.619E-2
0.170	4.258E-2	2.271E-2	0.529	3.808E-2
0.180	4.643E-2	2.271E-2	0.673	6.148E-2
0.190	5.605E-2	2.367E-2	0.673	6.242E-2
0.200	5.989E-2	2.464E-2	0.385	2.278E-2
0.210	6.374E-2	2.656E-2	0.385	2.278E-2
0.220	6.759E-2	2.752E-2	0.288	1.404E-2
0.230	6.951E-2	2.944E-2	0.192	7.802E-3
0.240	7.143E-2	3.041E-2	0.192	5.306E-3
0.250	7.336E-2	3.041E-2	0.288	1.124E-2
0.260	7.720E-2	3.041E-2	0.337	1.654E-2
0.270	8.009E-2	3.233E-2	0.144	4.057E-3
0.280	8.009E-2	3.233E-2	0.000	1.248E-3
0.290	8.009E-2	3.425E-2	0.000	1.124E-2
0.300	8.009E-2	3.810E-2	0.000	7.802E-3
0.310	8.009E-2	3.906E-2	-0.144	3.121E-3
0.320	7.720E-2	3.906E-2	-0.288	1.155E-2
0.330	7.432E-2	4.002E-2	-0.192	5.306E-3
0.340	7.336E-2	4.002E-2	-0.144	2.809E-3
0.350	7.143E-2	4.002E-2	-0.288	1.124E-2
0.360	6.759E-2	4.002E-2	-0.481	3.121E-2
0.370	6.182E-2	4.002E-2	-0.577	4.619E-2
0.380	5.605E-2	4.195E-2	-0.481	3.246E-2
0.390	5.220E-2	4.195E-2	-0.481	3.121E-2
0.400	4.643E-2	4.195E-2	-0.577	4.494E-2
0.410	4.066E-2	4.195E-2	-0.433	2.528E-2
0.420	3.778E-2	4.195E-2	-0.433	2.559E-2
0.430	3.201E-2	4.291E-2	-0.625	5.399E-2
0.440	2.527E-2	4.387E-2	-0.673	6.242E-2
0.450	1.854E-2	4.483E-2	-0.625	5.274E-2
0.460	1.277E-2	4.387E-2	-0.577	4.525E-2
0.470	7.003E-3	4.387E-2	-0.625	5.274E-2
0.480	2.718E-4	4.387E-2	-0.673	6.148E-2
0.490	-6.460E-3	4.291E-2	-0.577	4.525E-2
0.500	-1.127E-2	4.291E-2	-0.721	7.022E-2
0.510	-2.088E-2	4.291E-2	-0.673	6.117E-2
0.520	-2.473E-2	4.291E-2	-0.481	3.121E-2
0.530	-3.050E-2	4.291E-2	-0.577	4.525E-2
0.540	-3.627E-2	4.387E-2	-0.529	3.808E-2
0.550	-4.108E-2	4.387E-2	-0.481	3.121E-2
0.560	-4.589E-2	4.387E-2	-0.529	3.808E-2
0.570	-5.166E-2	4.291E-2	-0.385	2.122E-2
0.580	-5.358E-2	4.195E-2	-0.240	8.114E-3
0.590	-5.646E-2	4.195E-2	-0.385	2.122E-2
0.600	-6.127E-2	4.002E-2	-0.337	1.810E-2
0.610	-6.320E-2	3.906E-2	-0.192	6.242E-3
0.620	-6.512E-2	3.810E-2	-0.144	3.121E-3
0.630	-6.608E-2	3.810E-2	-9.616E-2	2.497E-3
0.640	-6.704E-2	3.618E-2	0.000	2.809E-3
0.650	-6.608E-2	3.521E-2	0.192	5.306E-3
0.660	-6.320E-2	3.521E-2	0.288	1.155E-2
0.670	-6.031E-2	3.425E-2	0.288	1.248E-2
0.680	-5.743E-2	3.329E-2	0.144	3.121E-3
0.690	-5.743E-2	3.329E-2	9.616E-2	1.560E-3
0.700	-5.550E-2	3.233E-2	0.192	6.242E-3
0.710	-5.358E-2	3.137E-2	0.433	2.653E-2
0.720	-4.685E-2	3.041E-2	0.385	2.029E-2
0.730	-4.589E-2	3.041E-2	0.192	4.994E-3
0.740	-4.300E-2	3.041E-2	0.385	1.997E-2
0.750	-3.819E-2	3.041E-2	0.529	3.901E-2
0.760	-3.242E-2	2.848E-2	0.529	3.901E-2
0.770	-2.762E-2	2.848E-2	0.673	6.242E-2
0.780	-1.896E-2	2.656E-2	0.721	7.147E-2
0.790	-1.319E-2	2.656E-2	0.817	9.144E-2
0.800	-2.613E-3	2.464E-2	0.769	8.114E-2
0.810	2.195E-3	2.464E-2	0.673	6.242E-2
0.820	1.085E-2	2.271E-2	0.577	4.619E-2
0.830	1.373E-2	2.271E-2	0.481	3.152E-2
0.840	2.047E-2	2.175E-2	0.673	6.148E-2
0.850	2.720E-2	2.175E-2	0.625	5.274E-2
0.860	3.297E-2	2.175E-2	0.769	8.021E-2
0.870	4.258E-2	2.079E-2	0.625	5.306E-2
0.880	4.547E-2	2.079E-2	0.385	1.997E-2
0.890	5.028E-2	2.079E-2	0.529	3.776E-2
0.900	5.605E-2	2.079E-2	0.673	6.117E-2
0.910	6.374E-2	2.079E-2	0.673	6.117E-2
0.920	6.951E-2	2.079E-2	0.385	1.997E-2
0.930	7.143E-2	2.079E-2	0.192	5.306E-3
0.940	7.336E-2	1.983E-2	0.385	2.029E-2
0.950	7.913E-2	1.983E-2	0.481	3.121E-2
0.960	8.297E-2	1.983E-2	0.192	6.242E-3
0.970	8.297E-2	2.175E-2	0.000	2.809E-3
0.980	8.297E-2	2.271E-2	0.000	3.121E-4
0.990	8.297E-2	2.271E-2	0.000	0.000
1.000	8.297E-2	2.271E-2	0.000	0.000
1.010	8.297E-2	2.271E-2	-9.616E-2	1.560E-3
1.020	8.105E-2	2.367E-2	-0.192	5.306E-3
1.030	7.913E-2	2.367E-2	-0.288	1.404E-2
1.040	7.528E-2	2.656E-2	-0.385	2.278E-2
1.050	7.143E-2	2.656E-2	-0.337	1.529E-2
1.060	6.855E-2	2.656E-2	-0.481	3.121E-2
1.070	6.182E-2	2.656E-2	-0.481	3.121E-2
1.080	5.893E-2	2.656E-2	-0.288	1.124E-2
1.090	5.605E-2	2.656E-2	-0.288	1.155E-2
1.100	5.316E-2	2.752E-2	-0.385	2.029E-2
1.110	4.835E-2	2.752E-2	-0.529	3.776E-2
1.120	4.258E-2	2.752E-2	-0.577	4.494E-2
1.130	3.681E-2	2.752E-2	-0.577	4.525E-2
1.140	3.104E-2	2.848E-2	-0.817	9.300E-2
1.150	2.047E-2	3.041E-2	-0.769	8.271E-2
1.160	1.566E-2	3.137E-2	-0.577	4.525E-2
1.170	8.926E-3	3.137E-2	-0.625	5.399E-2
1.180	3.157E-3	3.329E-2	-0.673	6.398E-2
1.190	-4.536E-3	3.425E-2	-0.625	5.306E-2
1.200	-9.344E-3	3.425E-2	-0.577	4.619E-2
1.210	-1.608E-2	3.618E-2	-0.577	4.775E-2
1.220	-2.088E-2	3.714E-2	-0.529	3.901E-2
1.230	-2.665E-2	3.810E-2	-0.481	3.246E-2
1.240	-3.050E-2	3.521E-2	-0.481	3.121E-2
1.250	-3.627E-2	3.810E-2	-0.625	6.055E-2
1.260	-4.300E-2	4.002E-2	-0.577	4.994E-2
1.270	-4.781E-2	4.195E-2	-0.529	4.276E-2
1.280	-5.358E-2	4.387E-2	-0.577	4.775E-2
1.290	-5.935E-2	4.483E-2	-0.385	2.122E-2
1.300	-6.127E-2	4.579E-2	-9.616E-2	1.560E-3
1.310	-6.127E-2	4.579E-2	-0.192	4.994E-3
1.320	-6.512E-2	4.579E-2	-0.192	4.994E-3
1.330	-6.512E-2	4.579E-2	-9.616E-2	1.248E-3
1.340	-6.704E-2	4.579E-2	-9.616E-2	1.248E-3
1.350	-6.704E-2	4.579E-2	0.000	2.809E-3
1.360	-6.704E-2	4.868E-2	0.000	2.809E-3
1.370	-6.704E-2	4.868E-2	9.616E-2	1.248E-3
1.380	-6.512E-2	4.868E-2	0.240	7.802E-3
1.390	-6.223E-2	4.868E-2	0.337	1.529E-2
1.400	-5.839E-2	4.868E-2	0.529	3.808E-2
1.410	-5.166E-2	4.772E-2	0.481	3.152E-2
1.420	-4.877E-2	4.772E-2	0.337	1.560E-2
1.430	-4.492E-2	4.868E-2	0.385	2.122E-2
1.440	-4.108E-2	4.964E-2	0.337	1.560E-2
1.450	-3.819E-2	4.964E-2	0.433	2.528E-2
1.460	-3.242E-2	4.964E-2	0.385	1.997E-2
1.470	-3.050E-2	4.964E-2	0.385	1.997E-2
1.480	-2.473E-2	4.964E-2	0.625	5.274E-2
1.490	-1.800E-2	4.964E-2	0.721	7.022E-2
1.500	-1.031E-2	4.964E-2	0.625	5.274E-2
1.510	-5.498E-3	4.964E-2	0.673	6.148E-2
1.520	3.157E-3	4.868E-2	0.865	0.102
1.530	1.181E-2	4.772E-2	0.673	6.398E-2
1.540	1.662E-2	4.579E-2	0.481	3.246E-2
1.550	2.143E-2	4.579E-2	0.529	3.901E-2
1.560	2.720E-2	4.387E-2	0.817	9.144E-2
1.570	3.778E-2	4.387E-2	0.721	7.022E-2
1.580	4.162E-2	4.387E-2	0.433	2.559E-2
1.590	4.643E-2	4.291E-2	0.529	3.808E-2
1.600	5.220E-2	4.291E-2	0.673	6.148E-2
1.610	5.989E-2	4.195E-2	0.673	6.148E-2
1.620	6.566E-2	4.195E-2	0.433	2.653E-2
1.630	6.855E-2	4.002E-2	0.288	1.248E-2
1.640	7.143E-2	4.002E-2	0.433	2.559E-2
1.650	7.720E-2	3.906E-2	0.481	3.620E-2
1.660	8.105E-2	3.618E-2	0.385	2.778E-2
1.670	8.489E-2	3.425E-2	0.192	7.802E-3
1.680	8.489E-2	3.329E-2	4.808E-2	6.242E-4
1.690	8.586E-2	3.329E-2	0.000	2.809E-3
1.700	8.489E-2	3.041E-2	-4.808E-2	3.121E-3
1.710	8.489E-2	3.041E-2	0.000	0.000
1.720	8.489E-2	3.041E-2	-4.808E-2	3.121E-4
1.730	8.393E-2	3.041E-2	-0.192	4.994E-3
1.740	8.105E-2	3.041E-2	-0.288	1.155E-2
1.750	7.816E-2	2.944E-2	-0.192	6.242E-3
1.760	7.720E-2	2.848E-2	-0.240	8.114E-3
1.770	7.336E-2	2.848E-2	-0.433	2.559E-2
1.780	6.855E-2	2.752E-2	-0.385	2.122E-2
1.790	6.566E-2	2.656E-2	-0.192	5.306E-3
1.800	6.470E-2	2.656E-2	-0.385	1.997E-2
1.810	5.797E-2	2.656E-2	-0.529	3.776E-2
1.820	5.412E-2	2.656E-2	-0.433	2.559E-2
1.830	4.931E-2	2.752E-2	-0.721	7.147E-2
1.840	3.970E-2	2.848E-2	-0.721	7.802E-2
1.850	3.489E-2	2.271E-2	-0.529	4.900E-2
1.860	2.912E-2	2.271E-2	-0.577	4.619E-2
1.870	2.335E-2	2.464E-2	-0.481	3.246E-2
1.880	1.950E-2	2.464E-2	-0.673	6.398E-2
1.890	9.888E-3	2.752E-2	-0.817	9.300E-2
1.900	3.157E-3	2.752E-2	-0.577	4.494E-2
1.910	-1.651E-3	2.752E-2	-0.433	2.528E-2
1.920	-5.498E-3	2.752E-2	-0.529	3.776E-2
1.930	-1.223E-2	2.752E-2	-0.529	3.776E-2
1.940	-1.608E-2	2.752E-2	-0.529	3.776E-2
1.950	-2.281E-2	2.752E-2	-0.577	4.494E-2
1.960	-2.762E-2	2.752E-2	-0.625	5.306E-2
1.970	-3.531E-2	2.848E-2	-0.625	5.555E-2
1.980	-4.012E-2	3.041E-2	-0.433	2.653E-2
1.990	-4.396E-2	3.041E-2	-0.529	3.901E-2
2.000	-5.069E-2	3.233E-2	-0.337	1.654E-2
2.010	-5.069E-2	3.233E-2	-0.240	7.802E-3
2.020	-5.550E-2	3.233E-2	-0.240	7.802E-3
2.030	-5.550E-2	3.233E-2	-9.616E-2	1.560E-3
2.040	-5.743E-2	3.329E-2	-0.192	5.306E-3
2.050	-5.935E-2	3.329E-2	-0.240	9.051E-3
2.060	-6.223E-2	3.521E-2	-0.192	9.987E-3
2.070	-6.320E-2	3.714E-2	-4.808E-2	3.121E-3
2.080	-6.320E-2	3.810E-2	0.192	5.306E-3
2.090	-5.935E-2	3.810E-2	0.481	3.246E-2
2.100	-5.358E-2	4.002E-2	0.481	3.402E-2
2.110	-4.973E-2	4.098E-2	0.337	1.654E-2
2.120	-4.685E-2	4.195E-2	0.385	2.029E-2
2.130	-4.204E-2	4.195E-2	0.240	7.802E-3
2.140	-4.204E-2	4.195E-2	0.337	1.529E-2
2.150	-3.531E-2	4.195E-2	0.577	4.525E-2
2.160	-3.050E-2	4.291E-2	0.529	4.057E-2
2.170	-2.473E-2	4.483E-2	0.529	3.901E-2
2.180	-1.992E-2	4.483E-2	0.481	3.402E-2
2.190	-1.511E-2	4.772E-2	0.577	4.775E-2
2.200	-8.383E-3	4.772E-2	0.769	8.021E-2
2.210	2.718E-4	4.868E-2	0.817	9.519E-2
2.220	7.965E-3	5.156E-2	0.625	5.774E-2
2.230	1.277E-2	5.252E-2	0.673	6.117E-2
2.240	2.143E-2	5.156E-2	0.721	7.053E-2
2.250	2.720E-2	5.156E-2	0.577	4.494E-2
2.260	3.297E-2	5.156E-2	0.625	5.274E-2
2.270	3.970E-2	5.156E-2	0.673	6.148E-2
2.280	4.643E-2	5.252E-2	0.769	8.021E-2
2.290	5.508E-2	5.252E-2	0.673	6.117E-2
2.300	5.989E-2	5.252E-2	0.529	3.776E-2
2.310	6.566E-2	5.252E-2	0.577	4.494E-2
2.320	7.143E-2	5.252E-2	0.529	3.808E-2
2.330	7.624E-2	5.349E-2	0.481	3.152E-2
2.340	8.105E-2	5.349E-2	0.385	1.997E-2
2.350	8.393E-2	5.349E-2	0.481	3.121E-2
2.360	9.066E-2	5.349E-2	0.433	2.559E-2
2.370	9.259E-2	5.252E-2	9.616E-2	4.057E-3
2.380	9.259E-2	5.060E-2	0.000	1.248E-3
2.390	9.259E-2	5.060E-2	0.000	0.000
2.400	9.259E-2	5.060E-2	0.000	0.000
2.410	9.259E-2	5.060E-2	0.000	2.809E-3
2.420	9.259E-2	4.772E-2	0.000	2.809E-3
2.430	9.259E-2	4.772E-2	-0.144	3.121E-3
2.440	8.970E-2	4.675E-2	-0.240	8.114E-3
2.450	8.778E-2	4.675E-2	-0.240	7.802E-3
2.460	8.489E-2	4.675E-2	-0.288	1.155E-2
2.470	8.201E-2	4.579E-2	-0.337	1.810E-2
2.480	7.816E-2	4.387E-2	-0.433	3.027E-2
2.490	7.336E-2	4.195E-2	-0.337	1.654E-2
2.500	7.143E-2	4.195E-2	-0.288	1.124E-2
2.510	6.759E-2	4.195E-2	-0.385	2.029E-2
2.520	6.374E-2	4.098E-2	-0.481	3.402E-2
2.530	5.797E-2	3.906E-2	-0.481	3.246E-2
2.540	5.412E-2	3.906E-2	-0.577	4.619E-2
2.550	4.643E-2	3.714E-2	-0.625	5.399E-2
2.560	4.162E-2	3.714E-2	-0.481	3.152E-2
2.570	3.681E-2	3.618E-2	-0.481	3.402E-2
2.580	3.201E-2	3.425E-2	-0.577	4.619E-2
2.590	2.527E-2	3.425E-2	-0.817	9.519E-2
2.600	1.566E-2	3.041E-2	-0.817	0.107
2.610	8.935E-3	2.718E-2	-0.619	5.528E-2
2.620	3.273E-3	2.718E-2	-0.613	5.079E-2
2.630	-3.332E-3	2.718E-2	-0.661	5.891E-2
2.640	-9.938E-3	2.718E-2	-0.566	4.448E-2
2.650	-1.466E-2	2.529E-2	-0.519	4.117E-2
2.660	-2.032E-2	2.341E-2	-0.519	3.757E-2
2.670	-2.504E-2	2.341E-2	-0.425	2.555E-2
2.680	-2.881E-2	2.152E-2	-0.472	3.126E-2
2.690	-3.447E-2	2.152E-2	-0.566	4.328E-2
2.700	-4.013E-2	2.152E-2	-0.519	3.636E-2
2.710	-4.485E-2	2.152E-2	-0.472	3.005E-2
2.720	-4.957E-2	2.152E-2	-0.330	1.503E-2
2.730	-5.146E-2	2.057E-2	-0.283	1.202E-2
2.740	-5.523E-2	1.963E-2	-0.330	1.593E-2
2.750	-5.806E-2	1.869E-2	-0.189	5.109E-3
2.760	-5.901E-2	1.869E-2	-4.718E-2	3.005E-4
2.770	-5.901E-2	1.869E-2	0.000	0.000
2.780	-5.901E-2	1.869E-2	0.000	0.000
2.790	-5.901E-2	1.869E-2	0.142	3.005E-3
2.800	-5.618E-2	1.774E-2	0.377	1.953E-2
2.810	-5.146E-2	1.774E-2	0.236	7.513E-3
2.820	-5.146E-2	1.774E-2	0.189	4.809E-3
2.830	-4.768E-2	1.774E-2	0.330	1.473E-2
2.840	-4.485E-2	1.774E-2	0.377	1.953E-2
2.850	-4.013E-2	1.869E-2	0.330	1.743E-2
2.860	-3.825E-2	2.057E-2	0.236	7.814E-3
2.870	-3.542E-2	1.963E-2	0.472	3.035E-2
2.880	-2.881E-2	2.152E-2	0.566	4.448E-2
2.890	-2.409E-2	2.152E-2	0.519	3.667E-2
2.900	-1.843E-2	2.246E-2	0.519	3.757E-2
2.910	-1.371E-2	2.341E-2	0.613	5.350E-2
2.920	-6.163E-3	2.529E-2	0.708	7.033E-2
2.930	4.425E-4	2.624E-2	0.472	3.126E-2
2.940	3.273E-3	2.718E-2	0.425	2.464E-2
2.950	8.935E-3	2.718E-2	0.661	6.371E-2
2.960	1.648E-2	3.095E-2	0.849	0.102
2.970	2.592E-2	3.095E-2	0.661	5.891E-2
2.980	2.970E-2	3.095E-2	0.472	3.005E-2
2.990	3.536E-2	3.095E-2	0.425	2.434E-2
3.000	3.819E-2	3.095E-2	0.472	3.005E-2
3.010	4.479E-2	3.095E-2	0.708	6.882E-2
3.020	5.234E-2	3.284E-2	0.661	6.161E-2
3.030	5.801E-2	3.379E-2	0.472	3.126E-2
3.040	6.178E-2	3.473E-2	0.472	3.276E-2
3.050	6.744E-2	3.662E-2	0.425	2.555E-2
3.060	7.027E-2	3.662E-2	0.283	1.082E-2
3.070	7.310E-2	3.662E-2	0.283	1.112E-2
3.080	7.593E-2	3.756E-2	0.283	1.202E-2
3.090	7.877E-2	3.850E-2	0.283	1.352E-2
3.100	8.160E-2	4.039E-2	0.377	2.404E-2
3.110	8.631E-2	4.228E-2	0.236	8.716E-3
3.120	8.631E-2	4.228E-2	-0.189	6.011E-3
3.130	8.254E-2	4.039E-2	-0.377	1.953E-2
3.140	7.877E-2	4.322E-2	-0.189	7.513E-3
3.150	7.877E-2	4.322E-2	-9.437E-2	1.503E-3
3.160	7.688E-2	4.417E-2	-0.189	5.109E-3
3.170	7.499E-2	4.417E-2	-0.189	4.809E-3
3.180	7.310E-2	4.417E-2	-0.236	7.513E-3
3.190	7.027E-2	4.417E-2	-0.189	4.809E-3
3.200	6.933E-2	4.417E-2	-0.236	7.513E-3
3.210	6.555E-2	4.417E-2	-0.330	1.473E-2
3.220	6.272E-2	4.417E-2	-0.425	2.434E-2
3.230	5.706E-2	4.417E-2	-0.425	2.434E-2
3.240	5.423E-2	4.417E-2	-0.377	1.923E-2
3.250	4.951E-2	4.417E-2	-0.708	6.882E-2
3.260	4.008E-2	4.228E-2	-0.708	6.882E-2
3.270	3.536E-2	4.228E-2	-0.613	5.079E-2
3.280	2.781E-2	4.228E-2	-0.566	4.328E-2
3.290	2.403E-2	4.228E-2	-0.519	3.757E-2
3.300	1.743E-2	4.039E-2	-0.519	3.907E-2
3.310	1.365E-2	3.945E-2	-0.519	3.757E-2
3.320	7.048E-3	3.850E-2	-0.519	3.667E-2
3.330	3.273E-3	3.850E-2	-0.661	5.891E-2
3.340	-6.163E-3	3.850E-2	-0.755	7.724E-2
3.350	-1.182E-2	3.756E-2	-0.661	6.011E-2
3.360	-1.937E-2	3.662E-2	-0.661	6.011E-2
3.370	-2.504E-2	3.567E-2	-0.566	4.358E-2
3.380	-3.070E-2	3.567E-2	-0.802	9.166E-2
3.390	-4.108E-2	3.190E-2	-0.849	0.105
3.400	-4.768E-2	3.095E-2	-0.472	3.035E-2
3.410	-5.051E-2	3.095E-2	-0.283	1.202E-2
3.420	-5.335E-2	2.907E-2	-0.236	1.022E-2
3.430	-5.523E-2	2.812E-2	-0.189	6.011E-3
3.440	-5.712E-2	2.718E-2	-0.236	1.022E-2
3.450	-5.995E-2	2.529E-2	-0.283	1.352E-2
3.460	-6.278E-2	2.435E-2	-0.142	3.907E-3
3.470	-6.278E-2	2.341E-2	0.000	3.005E-4
3.480	-6.278E-2	2.341E-2	0.000	0.000
3.490	-6.278E-2	2.341E-2	0.000	0.000
3.500	-6.278E-2	2.341E-2	0.000	0.000
3.510	-6.278E-2	2.341E-2	4.718E-2	6.011E-4
3.520	-6.184E-2	2.246E-2	0.189	7.513E-3
3.530	-5.901E-2	2.057E-2	0.236	1.022E-2
3.540	-5.712E-2	1.963E-2	0.283	1.352E-2
3.550	-5.335E-2	1.774E-2	0.472	3.486E-2
3.560	-4.768E-2	1.586E-2	0.566	4.448E-2
3.570	-4.202E-2	1.586E-2	0.377	1.923E-2
3.580	-4.013E-2	1.586E-2	0.377	1.923E-2
3.590	-3.447E-2	1.586E-2	0.755	7.694E-2
3.600	-2.504E-2	1.586E-2	0.661	5.891E-2
3.610	-2.126E-2	1.586E-2	0.519	3.667E-2
3.620	-1.466E-2	1.491E-2	0.755	7.694E-2
3.630	-6.163E-3	1.586E-2	0.566	4.358E-2
3.640	-3.332E-3	1.586E-2	0.661	6.011E-2
3.650	7.048E-3	1.774E-2	0.755	7.814E-2
3.660	1.177E-2	1.774E-2	0.425	2.555E-2
3.670	1.554E-2	1.963E-2	0.472	3.126E-2
3.680	2.120E-2	1.963E-2	0.661	6.371E-2
3.690	2.875E-2	1.586E-2	0.566	4.598E-2
3.700	3.253E-2	1.680E-2	0.566	4.448E-2
3.710	4.008E-2	1.774E-2	0.755	8.175E-2
3.720	4.763E-2	2.057E-2	0.708	7.033E-2
3.730	5.423E-2	2.057E-2	0.425	2.434E-2
3.740	5.612E-2	2.057E-2	0.283	1.112E-2
3.750	5.989E-2	2.152E-2	0.613	5.109E-2
3.760	6.839E-2	2.152E-2	0.661	6.011E-2
3.770	7.310E-2	2.341E-2	0.377	2.194E-2
3.780	7.593E-2	2.435E-2	0.283	1.112E-2
3.790	7.877E-2	2.435E-2	0.236	7.814E-3
3.800	8.065E-2	2.529E-2	0.283	1.112E-2
3.810	8.443E-2	2.529E-2	0.425	2.464E-2
3.820	8.915E-2	2.624E-2	0.236	7.814E-3
3.830	8.915E-2	2.624E-2	0.000	0.000
3.840	8.915E-2	2.624E-2	-4.718E-2	1.503E-3
3.850	8.820E-2	2.812E-2	-0.236	1.022E-2
3.860	8.443E-2	2.907E-2	-0.283	1.112E-2
3.870	8.254E-2	2.907E-2	-0.189	4.809E-3
3.880	8.065E-2	2.907E-2	-0.142	2.705E-3
3.890	7.971E-2	2.907E-2	-0.283	1.112E-2
3.900	7.499E-2	3.001E-2	-0.377	2.404E-2
3.910	7.216E-2	3.284E-2	-0.330	1.743E-2
3.920	6.839E-2	3.284E-2	-0.377	1.923E-2
3.930	6.461E-2	3.284E-2	-0.425	2.555E-2
3.940	5.989E-2	3.473E-2	-0.519	3.907E-2
3.950	5.423E-2	3.567E-2	-0.519	3.667E-2
3.960	4.951E-2	3.567E-2	-0.613	5.109E-2
3.970	4.196E-2	3.662E-2	-0.519	3.667E-2
3.980	3.913E-2	3.662E-2	-0.425	2.434E-2
3.990	3.347E-2	3.662E-2	-0.661	6.011E-2
4.000	2.592E-2	3.850E-2	-0.661	6.011E-2
4.010	2.026E-2	3.850E-2	-0.661	5.891E-2
4.020	1.271E-2	3.850E-2	-0.566	4.328E-2
4.030	8.935E-3	3.850E-2	-0.566	4.328E-2
4.040	1.386E-3	3.850E-2	-1.038	0.148
4.050	-1.182E-2	4.133E-2	-0.991	0.135
4.060	-1.843E-2	4.133E-2	-0.425	2.464E-2
4.070	-2.032E-2	4.228E-2	-0.425	2.464E-2
4.080	-2.692E-2	4.228E-2	-0.472	3.005E-2
4.090	-2.975E-2	4.228E-2	-0.566	4.809E-2
4.100	-3.825E-2	3.850E-2	-0.613	5.560E-2
4.110	-4.202E-2	3.850E-2	-0.472	3.005E-2
4.120	-4.768E-2	3.850E-2	-0.566	4.328E-2
4.130	-5.335E-2	3.850E-2	-0.377	1.923E-2
4.140	-5.523E-2	3.850E-2	-0.236	8.716E-3
4.150	-5.806E-2	3.662E-2	-0.377	2.044E-2
4.160	-6.278E-2	3.662E-2	-0.330	1.473E-2
4.170	-6.467E-2	3.662E-2	-0.283	1.082E-2
4.180	-6.844E-2	3.662E-2	-0.283	1.112E-2
4.190	-7.033E-2	3.756E-2	-9.437E-2	1.503E-3
4.200	-7.033E-2	3.756E-2	0.000	0.000
4.210	-7.033E-2	3.756E-2	0.283	1.202E-2
4.220	-6.467E-2	3.567E-2	0.283	1.202E-2
4.230	-6.467E-2	3.567E-2	0.189	4.809E-3
4.240	-6.089E-2	3.567E-2	0.283	1.082E-2
4.250	-5.901E-2	3.567E-2	0.330	1.503E-2
4.260	-5.429E-2	3.662E-2	0.425	2.464E-2
4.270	-5.051E-2	3.662E-2	0.236	7.513E-3
4.280	-4.957E-2	3.662E-2	0.236	7.513E-3
4.290	-4.580E-2	3.662E-2	0.613	5.199E-2
4.300	-3.730E-2	3.473E-2	0.661	6.011E-2
4.310	-3.259E-2	3.473E-2	0.425	2.434E-2
4.320	-2.881E-2	3.473E-2	0.661	6.011E-2
4.330	-1.937E-2	3.284E-2	0.755	7.814E-2
4.340	-1.371E-2	3.284E-2	0.708	6.792E-2
4.350	-5.219E-3	3.190E-2	0.708	6.882E-2
4.360	4.425E-4	3.095E-2	0.613	5.350E-2
4.370	7.048E-3	2.907E-2	0.566	4.598E-2
4.380	1.177E-2	2.812E-2	0.661	6.011E-2
4.390	2.026E-2	2.718E-2	0.708	6.792E-2
4.400	2.592E-2	2.718E-2	0.613	5.079E-2
4.410	3.253E-2	2.718E-2	0.566	4.328E-2
4.420	3.724E-2	2.718E-2	0.519	3.636E-2
4.430	4.291E-2	2.718E-2	0.566	4.358E-2
4.440	4.857E-2	2.624E-2	0.613	5.350E-2
4.450	5.517E-2	2.435E-2	0.661	6.161E-2
4.460	6.178E-2	2.341E-2	0.519	3.667E-2
4.470	6.555E-2	2.341E-2	0.425	2.434E-2
4.480	7.027E-2	2.341E-2	0.377	1.923E-2
4.490	7.310E-2	2.341E-2	9.437E-2	2.404E-3
4.500	7.216E-2	2.152E-2	4.718E-2	1.503E-3
4.510	7.405E-2	2.152E-2	0.236	7.513E-3
4.520	7.688E-2	2.152E-2	0.142	2.705E-3
4.530	7.688E-2	2.152E-2	4.718E-2	3.005E-4
4.540	7.782E-2	2.152E-2	4.718E-2	3.005E-4
4.550	7.782E-2	2.152E-2	4.718E-2	5.109E-3
4.560	7.877E-2	1.774E-2	-0.142	7.513E-3
4.570	7.499E-2	1.774E-2	-0.283	1.082E-2
4.580	7.310E-2	1.774E-2	-0.142	2.705E-3
4.590	7.216E-2	1.774E-2	-0.236	7.513E-3
4.600	6.839E-2	1.774E-2	-0.330	1.473E-2
4.610	6.555E-2	1.774E-2	-0.236	7.513E-3
4.620	6.367E-2	1.774E-2	-0.283	1.082E-2
4.630	5.989E-2	1.774E-2	-0.425	2.555E-2
4.640	5.517E-2	1.963E-2	-0.425	2.555E-2
4.650	5.140E-2	1.963E-2	-0.425	2.434E-2
4.660	4.668E-2	1.963E-2	-0.425	2.434E-2
4.670	4.291E-2	1.963E-2	-0.519	3.636E-2
4.680	3.630E-2	1.963E-2	-0.661	6.011E-2
4.690	2.970E-2	2.152E-2	-0.613	5.560E-2
4.700	2.403E-2	2.341E-2	-0.944	0.125
4.710	1.082E-2	2.529E-2	-0.944	0.121
4.720	5.161E-3	2.529E-2	-0.566	4.328E-2
4.730	-5.011E-4	2.529E-2	-0.519	3.636E-2
4.740	-5.219E-3	2.529E-2	-0.566	4.328E-2
4.750	-1.182E-2	2.529E-2	-0.566	4.328E-2
4.760	-1.654E-2	2.529E-2	-0.661	5.891E-2
4.770	-2.504E-2	2.529E-2	-0.519	3.757E-2
4.780	-2.692E-2	2.718E-2	-0.472	3.486E-2
4.790	-3.447E-2	2.907E-2	-0.566	4.598E-2
4.800	-3.825E-2	3.001E-2	-0.425	2.555E-2
4.810	-4.297E-2	3.095E-2	-0.472	3.126E-2
4.820	-4.768E-2	3.190E-2	-0.613	5.199E-2
4.830	-5.523E-2	3.284E-2	-0.519	3.667E-2
4.840	-5.806E-2	3.284E-2	-0.283	1.082E-2
4.850	-6.089E-2	3.284E-2	-0.330	1.473E-2
4.860	-6.467E-2	3.284E-2	-0.330	1.473E-2
4.870	-6.750E-2	3.284E-2	-0.283	1.082E-2
4.880	-7.033E-2	3.284E-2	-0.189	6.011E-3
4.890	-7.127E-2	3.473E-2	-9.437E-2	1.593E-2
4.900	-7.222E-2	3.945E-2	-4.718E-2	7.814E-3
4.910	-7.222E-2	3.945E-2	0.000	0.000
4.920	-7.222E-2	3.945E-2	4.718E-2	6.011E-4
4.930	-7.127E-2	4.039E-2	0.330	1.953E-2
4.940	-6.561E-2	4.322E-2	0.377	2.194E-2
4.950	-6.373E-2	4.322E-2	0.236	7.513E-3
4.960	-6.089E-2	4.322E-2	0.330	1.473E-2
4.970	-5.712E-2	4.322E-2	0.566	4.358E-2
4.980	-4.957E-2	4.417E-2	0.472	3.276E-2
4.990	-4.768E-2	4.605E-2	0.189	6.011E-3
5.000	-4.580E-2	4.605E-2	0.330	1.473E-2
5.010	-4.108E-2	4.605E-2	0.472	3.035E-2
5.020	-3.636E-2	4.511E-2	0.661	5.921E-2
5.030	-2.787E-2	4.511E-2	0.708	6.762E-2
5.040	-2.221E-2	4.511E-2	0.566	4.358E-2
5.050	-1.654E-2	4.605E-2	0.519	3.667E-2
5.060	-1.182E-2	4.605E-2	0.613	5.079E-2
5.070	-4.276E-3	4.605E-2	0.755	7.724E-2
5.080	3.273E-3	4.700E-2	0.566	4.358E-2
5.090	7.048E-3	4.700E-2	0.377	1.923E-2
5.100	1.082E-2	4.700E-2	0.661	5.921E-2
5.110	2.026E-2	4.605E-2	0.849	9.767E-2
5.120	2.781E-2	4.605E-2	0.566	4.358E-2
5.130	3.158E-2	4.511E-2	0.708	6.792E-2
5.140	4.196E-2	4.511E-2	0.755	7.694E-2
5.150	4.668E-2	4.511E-2	0.566	4.328E-2
5.160	5.329E-2	4.511E-2	0.472	3.005E-2
5.170	5.612E-2	4.511E-2	0.519	3.907E-2
5.180	6.367E-2	4.228E-2	0.377	2.194E-2
5.190	6.367E-2	4.228E-2	0.330	1.473E-2
5.200	7.027E-2	4.228E-2	0.377	1.923E-2
5.210	7.122E-2	4.228E-2	9.437E-2	1.503E-3
5.220	7.216E-2	4.133E-2	0.142	5.410E-3
5.230	7.405E-2	3.945E-2	0.189	9.617E-3
5.240	7.593E-2	3.756E-2	4.718E-2	1.503E-3
5.250	7.499E-2	3.756E-2	4.718E-2	6.011E-4
5.260	7.688E-2	3.850E-2	0.000	2.705E-3
5.270	7.499E-2	3.473E-2	-0.142	1.352E-2
5.280	7.405E-2	3.284E-2	-4.718E-2	5.109E-3
5.290	7.405E-2	3.095E-2	-0.142	3.907E-3
5.300	7.122E-2	3.095E-2	-0.283	1.082E-2
5.310	6.839E-2	3.095E-2	-0.189	5.109E-3
5.320	6.744E-2	3.001E-2	-0.142	5.410E-3
5.330	6.555E-2	2.812E-2	-0.377	2.044E-2
5.340	5.989E-2	2.812E-2	-0.566	4.328E-2
5.350	5.423E-2	2.812E-2	-0.425	2.434E-2
5.360	5.140E-2	2.812E-2	-0.330	1.503E-2
5.370	4.763E-2	2.718E-2	-0.519	3.667E-2
5.380	4.102E-2	2.718E-2	-0.566	4.328E-2
5.390	3.630E-2	2.718E-2	-0.519	3.907E-2
5.400	3.064E-2	2.435E-2	-0.613	5.350E-2
5.410	2.403E-2	2.435E-2	-0.708	6.762E-2
5.420	1.648E-2	2.435E-2	-0.566	4.358E-2
5.430	1.271E-2	2.341E-2	-0.613	5.109E-2
5.440	4.217E-3	2.341E-2	-0.755	7.724E-2
5.450	-2.388E-3	2.246E-2	-0.613	5.109E-2
5.460	-8.050E-3	2.246E-2	-0.566	4.328E-2
5.470	-1.371E-2	2.246E-2	-0.519	3.636E-2
5.480	-1.843E-2	2.246E-2	-0.472	3.005E-2
5.490	-2.315E-2	2.246E-2	-0.661	5.891E-2
5.500	-3.164E-2	2.246E-2	-0.566	4.328E-2
5.510	-3.447E-2	2.246E-2	-0.425	2.434E-2
5.520	-4.013E-2	2.246E-2	-0.472	3.035E-2
5.530	-4.391E-2	2.341E-2	-0.330	1.503E-2
5.540	-4.674E-2	2.341E-2	-0.330	1.503E-2
5.550	-5.051E-2	2.435E-2	-0.519	3.907E-2
5.560	-5.712E-2	2.624E-2	-0.519	3.757E-2
5.570	-6.089E-2	2.624E-2	-0.330	1.473E-2
5.580	-6.373E-2	2.624E-2	-0.189	4.809E-3
5.590	-6.467E-2	2.624E-2	-0.142	3.005E-3
5.600	-6.656E-2	2.718E-2	-9.437E-2	1.503E-3
5.610	-6.656E-2	2.718E-2	0.000	0.000
5.620	-6.656E-2	2.718E-2	0.000	0.000
5.630	-6.656E-2	2.718E-2	0.189	6.011E-3
5.640	-6.278E-2	2.907E-2	0.283	1.352E-2
5.650	-6.089E-2	3.001E-2	0.189	5.109E-3
5.660	-5.901E-2	3.001E-2	0.189	5.109E-3
5.670	-5.712E-2	3.095E-2	0.283	1.112E-2
5.680	-5.335E-2	3.095E-2	0.377	2.194E-2
5.690	-4.957E-2	3.379E-2	0.236	1.022E-2
5.700	-4.863E-2	3.379E-2	0.283	1.112E-2
5.710	-4.391E-2	3.473E-2	0.519	3.907E-2
5.720	-3.825E-2	3.662E-2	0.519	3.907E-2
5.730	-3.353E-2	3.756E-2	0.566	4.448E-2
5.740	-2.692E-2	3.850E-2	0.802	8.806E-2
5.750	-1.749E-2	3.945E-2	0.661	6.161E-2
5.760	-1.371E-2	4.133E-2	0.566	4.448E-2
5.770	-6.163E-3	4.133E-2	0.755	7.964E-2
5.780	1.386E-3	4.417E-2	0.708	7.033E-2
5.790	7.992E-3	4.417E-2	0.425	2.434E-2
5.800	9.879E-3	4.417E-2	0.613	5.199E-2
5.810	2.026E-2	4.605E-2	0.708	6.882E-2
5.820	2.403E-2	4.605E-2	0.377	2.044E-2
5.830	2.781E-2	4.794E-2	0.519	4.117E-2
5.840	3.441E-2	4.983E-2	0.566	4.448E-2
5.850	3.913E-2	4.983E-2	0.566	4.448E-2
5.860	4.574E-2	5.171E-2	0.566	4.448E-2
5.870	5.046E-2	5.171E-2	0.519	3.667E-2
5.880	5.612E-2	5.266E-2	0.566	4.358E-2
5.890	6.178E-2	5.266E-2	0.472	3.005E-2
5.900	6.555E-2	5.266E-2	0.377	1.923E-2
5.910	6.933E-2	5.266E-2	0.377	1.953E-2
5.920	7.310E-2	5.171E-2	0.425	2.464E-2
5.930	7.782E-2	5.171E-2	0.283	1.082E-2
5.940	7.877E-2	5.171E-2	4.718E-2	3.005E-4
5.950	7.877E-2	5.171E-2	4.718E-2	3.005E-4
5.960	7.971E-2	5.171E-2	0.142	2.705E-3
5.970	8.160E-2	5.171E-2	9.437E-2	1.202E-3
5.980	8.160E-2	5.171E-2	0.000	0.000
5.990	8.160E-2	5.171E-2	-9.437E-2	1.202E-3
6.000	7.971E-2	5.171E-2	-0.283	1.202E-2
6.010	7.593E-2	4.983E-2	-0.330	1.593E-2
6.020	7.310E-2	4.983E-2	-0.236	8.716E-3
6.030	7.122E-2	4.794E-2	-0.283	1.202E-2
6.040	6.744E-2	4.794E-2	-0.472	3.005E-2
6.050	6.178E-2	4.794E-2	-0.472	3.005E-2
6.060	5.801E-2	4.794E-2	-0.330	1.473E-2
6.070	5.517E-2	4.794E-2	-0.377	2.044E-2
6.080	5.046E-2	4.605E-2	-0.425	2.915E-2
6.090	4.668E-2	4.417E-2	-0.472	3.486E-2
6.100	4.102E-2	4.228E-2	-0.661	6.011E-2
6.110	3.347E-2	4.228E-2	-0.566	4.328E-2
6.120	2.970E-2	4.228E-2	-0.566	4.358E-2
6.130	2.215E-2	4.133E-2	-0.661	5.921E-2
6.140	1.648E-2	4.133E-2	-0.755	7.694E-2
6.150	7.048E-3	4.133E-2	-0.802	8.956E-2
6.160	4.425E-4	3.850E-2	-0.661	6.642E-2
6.170	-6.163E-3	3.662E-2	-0.519	4.117E-2
6.180	-9.938E-3	3.473E-2	-0.472	3.276E-2
6.190	-1.560E-2	3.379E-2	-0.613	5.199E-2
6.200	-2.221E-2	3.284E-2	-0.613	5.109E-2
6.210	-2.787E-2	3.284E-2	-0.519	3.667E-2
6.220	-3.259E-2	3.190E-2	-0.330	1.503E-2
6.230	-3.447E-2	3.190E-2	-0.330	1.473E-2
6.240	-3.919E-2	3.190E-2	-0.566	4.358E-2
6.250	-4.580E-2	3.095E-2	-0.613	5.350E-2
6.260	-5.146E-2	2.907E-2	-0.283	1.202E-2
6.270	-5.146E-2	2.907E-2	-0.142	3.005E-3
6.280	-5.429E-2	2.812E-2	-0.236	8.716E-3
6.290	-5.618E-2	2.718E-2	-0.142	3.907E-3
6.300	-5.712E-2	2.624E-2	-0.142	3.907E-3
6.310	-5.901E-2	2.529E-2	-9.437E-2	1.503E-3
6.320	-5.901E-2	2.529E-2	0.000	0.000
6.330	-5.901E-2	2.529E-2	0.000	0.000
6.340	-5.901E-2	2.529E-2	0.236	1.232E-2
6.350	-5.429E-2	2.152E-2	0.330	1.953E-2
6.360	-5.240E-2	2.152E-2	0.236	7.513E-3
6.370	-4.957E-2	2.152E-2	0.330	1.473E-2
6.380	-4.580E-2	2.152E-2	0.283	1.082E-2
6.390	-4.391E-2	2.152E-2	0.189	4.809E-3
6.400	-4.202E-2	2.152E-2	0.330	1.473E-2
6.410	-3.730E-2	2.152E-2	0.472	3.005E-2
6.420	-3.259E-2	2.152E-2	0.472	3.005E-2
6.430	-2.787E-2	2.152E-2	0.472	3.005E-2
6.440	-2.315E-2	2.152E-2	0.661	5.891E-2
6.450	-1.466E-2	2.152E-2	0.661	5.891E-2
6.460	-9.938E-3	2.152E-2	0.472	3.035E-2
6.470	-5.219E-3	2.246E-2	0.566	4.448E-2
6.480	1.386E-3	2.341E-2	0.802	8.956E-2
6.490	1.082E-2	2.529E-2	0.755	7.814E-2
6.500	1.648E-2	2.529E-2	0.472	3.126E-2
6.510	2.026E-2	2.718E-2	0.472	3.126E-2
6.520	2.592E-2	2.718E-2	0.566	4.448E-2
6.530	3.158E-2	2.907E-2	0.566	4.448E-2
6.540	3.724E-2	2.907E-2	0.661	5.921E-2
6.550	4.479E-2	3.001E-2	0.755	7.814E-2
6.560	5.234E-2	3.095E-2	0.661	6.161E-2
6.570	5.801E-2	3.284E-2	0.519	3.757E-2
6.580	6.272E-2	3.284E-2	0.519	3.757E-2
6.590	6.839E-2	3.473E-2	0.613	5.560E-2
6.600	7.499E-2	3.662E-2	0.613	5.560E-2
6.610	8.065E-2	3.850E-2	0.330	1.593E-2
6.620	8.160E-2	3.850E-2	0.189	4.809E-3
6.630	8.443E-2	3.850E-2	0.330	1.593E-2
6.640	8.820E-2	4.039E-2	0.189	6.011E-3
6.650	8.820E-2	4.039E-2	0.000	0.000
6.660	8.820E-2	4.039E-2	0.000	1.202E-3
6.670	8.820E-2	4.228E-2	0.000	1.202E-3
6.680	8.820E-2	4.228E-2	0.000	0.000
6.690	8.820E-2	4.228E-2	0.000	3.005E-4
6.700	8.820E-2	4.322E-2	-0.142	5.410E-3
6.710	8.537E-2	4.511E-2	-0.189	7.513E-3
6.720	8.443E-2	4.605E-2	-0.142	3.005E-3
6.730	8.254E-2	4.605E-2	-0.189	4.809E-3
6.740	8.065E-2	4.605E-2	-0.189	6.011E-3
6.750	7.877E-2	4.794E-2	-0.283	1.202E-2
6.760	7.499E-2	4.794E-2	-0.377	1.953E-2
6.770	7.122E-2	4.888E-2	-0.377	1.953E-2
6.780	6.744E-2	4.888E-2	-0.283	1.082E-2
6.790	6.555E-2	4.888E-2	-0.472	3.035E-2
6.800	5.801E-2	4.983E-2	-0.661	6.161E-2
6.810	5.234E-2	5.171E-2	-0.755	7.724E-2
6.820	4.291E-2	5.077E-2	-0.566	4.448E-2
6.830	4.102E-2	4.983E-2	-0.472	3.035E-2
6.840	3.347E-2	4.983E-2	-0.755	7.694E-2
6.850	2.592E-2	4.983E-2	-0.661	5.891E-2
6.860	2.026E-2	4.983E-2	-0.613	5.079E-2
6.870	1.365E-2	4.983E-2	-0.661	5.891E-2
6.880	7.048E-3	4.983E-2	-0.519	3.757E-2
6.890	3.273E-3	4.794E-2	-0.425	2.555E-2
6.900	-1.445E-3	4.794E-2	-0.566	4.448E-2
6.910	-8.050E-3	4.605E-2	-0.661	6.011E-2
6.920	-1.466E-2	4.605E-2	-0.519	3.636E-2
6.930	-1.843E-2	4.605E-2	-0.519	3.636E-2
6.940	-2.504E-2	4.605E-2	-0.472	3.005E-2
6.950	-2.787E-2	4.605E-2	-0.377	1.923E-2
6.960	-3.259E-2	4.605E-2	-0.377	1.923E-2
6.970	-3.542E-2	4.605E-2	-0.377	1.923E-2
6.980	-4.013E-2	4.605E-2	-0.472	3.126E-2
6.990	-4.485E-2	4.417E-2	-0.330	1.743E-2
7.000	-4.674E-2	4.322E-2	-9.437E-2	1.503E-3
7.010	-4.674E-2	4.322E-2	-0.142	3.005E-3
7.020	-4.957E-2	4.228E-2	-0.189	7.513E-3
7.030	-5.051E-2	4.039E-2	-0.189	9.617E-3
7.040	-5.335E-2	3.850E-2	-0.142	3.907E-3
7.050	-5.335E-2	3.850E-2	0.283	1.563E-2
7.060	-4.768E-2	3.473E-2	0.283	1.563E-2
7.070	-4.768E-2	3.473E-2	0.000	3.088E-30
7.080	-4.768E-2	3.473E-2	0.189	4.809E-3
7.090	-4.391E-2	3.473E-2	0.566	4.598E-2
7.100	-3.636E-2	3.190E-2	0.377	2.404E-2
7.110	-3.636E-2	3.095E-2	0.236	7.814E-3
7.120	-3.164E-2	3.095E-2	0.377	1.923E-2
7.130	-2.881E-2	3.095E-2	0.330	1.473E-2
7.140	-2.504E-2	3.095E-2	0.566	4.328E-2
7.150	-1.749E-2	3.095E-2	0.519	3.636E-2
7.160	-1.466E-2	3.095E-2	0.661	5.921E-2
7.170	-4.276E-3	3.001E-2	0.708	6.792E-2
7.180	-5.011E-4	3.001E-2	0.566	4.358E-2
7.190	7.048E-3	2.907E-2	0.566	4.358E-2
7.200	1.082E-2	2.907E-2	0.330	1.503E-2
7.210	1.365E-2	2.812E-2	0.425	2.464E-2
7.220	1.932E-2	2.812E-2	0.519	3.636E-2
7.230	2.403E-2	2.812E-2	0.802	8.686E-2
7.240	3.536E-2	2.812E-2	0.849	9.767E-2
7.250	4.102E-2	2.718E-2	0.661	5.921E-2
7.260	4.857E-2	2.718E-2	0.613	5.079E-2
7.270	5.329E-2	2.718E-2	0.661	6.011E-2
7.280	6.178E-2	2.529E-2	0.849	0.100
7.290	7.027E-2	2.435E-2	0.613	5.109E-2
7.300	7.405E-2	2.435E-2	0.425	2.434E-2
7.310	7.877E-2	2.435E-2	0.330	1.473E-2
7.320	8.065E-2	2.435E-2	0.377	2.044E-2
7.330	8.631E-2	2.624E-2	0.472	3.276E-2
7.340	9.009E-2	2.718E-2	0.377	1.953E-2
7.350	9.386E-2	2.718E-2	0.189	4.809E-3
7.360	9.386E-2	2.718E-2	9.437E-2	1.202E-3
7.370	9.575E-2	2.718E-2	0.142	3.005E-3
7.380	9.669E-2	2.812E-2	4.718E-2	1.112E-2
7.390	9.669E-2	3.284E-2	-0.283	2.164E-2
7.400	9.103E-2	3.379E-2	-0.330	1.503E-2
7.410	9.009E-2	3.379E-2	-4.718E-2	3.005E-4
7.420	9.009E-2	3.379E-2	-4.718E-2	3.005E-4
7.430	8.915E-2	3.379E-2	-0.142	2.705E-3
7.440	8.726E-2	3.379E-2	-0.236	7.513E-3
7.450	8.443E-2	3.379E-2	-0.142	2.705E-3
7.460	8.443E-2	3.379E-2	-0.189	4.809E-3
7.470	8.065E-2	3.379E-2	-0.330	1.473E-2
7.480	7.782E-2	3.379E-2	-0.755	7.694E-2
7.490	6.555E-2	3.379E-2	-0.802	8.716E-2
7.500	6.178E-2	3.473E-2	-0.377	1.953E-2
7.510	5.801E-2	3.473E-2	-0.330	1.503E-2
7.520	5.517E-2	3.567E-2	-0.425	2.705E-2
7.530	4.951E-2	3.756E-2	-0.708	7.033E-2
7.540	4.102E-2	3.850E-2	-0.708	6.792E-2
7.550	3.536E-2	3.850E-2	-0.472	3.035E-2
7.560	3.158E-2	3.945E-2	-0.755	8.175E-2
7.570	2.026E-2	4.228E-2	-0.849	9.767E-2
7.580	1.460E-2	4.039E-2	-0.661	6.011E-2
7.590	7.048E-3	4.039E-2	-0.425	2.434E-2
7.600	6.104E-3	4.039E-2	-0.377	2.404E-2
7.610	-5.011E-4	4.417E-2	-0.472	3.486E-2
7.620	-3.332E-3	4.417E-2	-0.519	3.757E-2
7.630	-1.088E-2	4.605E-2	-0.613	5.560E-2
7.640	-1.560E-2	4.794E-2	-0.425	2.555E-2
7.650	-1.937E-2	4.794E-2	-0.472	3.005E-2
7.660	-2.504E-2	4.794E-2	-0.566	4.328E-2
7.670	-3.070E-2	4.794E-2	-0.519	3.636E-2
7.680	-3.542E-2	4.794E-2	-0.377	1.923E-2
7.690	-3.825E-2	4.794E-2	-0.142	2.705E-3
7.700	-3.825E-2	4.794E-2	-0.283	1.082E-2
7.710	-4.391E-2	4.794E-2	-0.283	1.082E-2
7.720	-4.391E-2	4.794E-2	0.000	0.000
7.730	-4.391E-2	4.794E-2	-0.330	1.593E-2
7.740	-5.051E-2	4.983E-2	-0.377	2.044E-2
7.750	-5.146E-2	4.983E-2	-4.718E-2	3.005E-4
7.760	-5.146E-2	4.983E-2	0.000	0.000
7.770	-5.146E-2	4.983E-2	0.142	2.705E-3
7.780	-4.863E-2	4.983E-2	0.330	1.503E-2
7.790	-4.485E-2	4.888E-2	0.330	1.503E-2
7.800	-4.202E-2	4.888E-2	0.330	1.473E-2
7.810	-3.825E-2	4.888E-2	0.283	1.082E-2
7.820	-3.636E-2	4.888E-2	0.189	4.809E-3
7.830	-3.447E-2	4.888E-2	0.330	1.473E-2
7.840	-2.975E-2	4.888E-2	0.377	1.923E-2
7.850	-2.692E-2	4.888E-2	0.283	1.082E-2
7.860	-2.409E-2	4.888E-2	0.425	2.434E-2
7.870	-1.843E-2	4.888E-2	0.755	7.694E-2
7.880	-8.994E-3	4.888E-2	0.991	0.135
7.890	1.386E-3	4.605E-2	1.085	0.174
7.900	1.271E-2	4.228E-2	0.944	0.125
7.910	2.026E-2	4.228E-2	0.755	7.814E-2
7.920	2.781E-2	4.417E-2	0.566	4.448E-2
7.930	3.158E-2	4.417E-2	0.377	1.953E-2
7.940	3.536E-2	4.322E-2	0.425	2.555E-2
7.950	4.008E-2	4.228E-2	0.613	5.109E-2
7.960	4.763E-2	4.228E-2	0.802	8.686E-2
7.970	5.612E-2	4.228E-2	0.802	8.806E-2
7.980	6.367E-2	4.039E-2	0.425	2.555E-2
7.990	6.461E-2	4.039E-2	0.377	2.194E-2
8.000	7.122E-2	3.756E-2	0.519	3.907E-2
8.010	7.499E-2	3.756E-2	0.377	1.923E-2
8.020	7.877E-2	3.756E-2	0.283	1.082E-2
8.030	8.065E-2	3.756E-2	0.283	1.082E-2
8.040	8.443E-2	3.756E-2	0.283	1.112E-2
8.050	8.631E-2	3.662E-2	0.189	7.513E-3
8.060	8.820E-2	3.473E-2	0.142	3.907E-3
8.070	8.915E-2	3.473E-2	0.142	3.005E-3
8.080	9.103E-2	3.379E-2	9.437E-2	1.503E-3
8.090	9.103E-2	3.379E-2	4.718E-2	6.011E-4
8.100	9.198E-2	3.284E-2	0.142	3.907E-3
8.110	9.386E-2	3.190E-2	9.437E-2	3.907E-3
8.120	9.386E-2	3.001E-2	0.000	1.202E-3
8.130	9.386E-2	3.001E-2	0.000	0.000
8.140	9.386E-2	3.001E-2	0.000	0.000
8.150	9.386E-2	3.001E-2	0.000	0.000
8.160	9.386E-2	3.001E-2	-0.755	7.964E-2
8.170	7.877E-2	2.718E-2	-0.991	0.135
8.180	7.405E-2	2.718E-2	-0.283	1.082E-2
8.190	7.310E-2	2.718E-2	-9.437E-2	1.503E-3
8.200	7.216E-2	2.624E-2	-9.437E-2	1.503E-3
8.210	7.122E-2	2.624E-2	-0.142	2.705E-3
8.220	6.933E-2	2.624E-2	-0.849	9.737E-2
8.230	5.423E-2	2.624E-2	-1.085	0.159
8.240	4.763E-2	2.624E-2	-0.519	3.636E-2
8.250	4.385E-2	2.624E-2	-0.330	1.473E-2
8.260	4.102E-2	2.624E-2	-0.896	0.109
8.270	2.592E-2	2.529E-2	-1.085	0.159
8.280	1.932E-2	2.529E-2	-0.661	5.891E-2
8.290	1.271E-2	2.529E-2	-0.613	5.199E-2
8.300	7.048E-3	2.718E-2	-0.519	3.907E-2
8.310	2.330E-3	2.812E-2	-0.377	2.044E-2
8.320	-5.011E-4	2.907E-2	-0.330	1.743E-2
8.330	-4.276E-3	3.095E-2	-0.661	6.161E-2
8.340	-1.371E-2	3.190E-2	-0.755	7.814E-2
8.350	-1.937E-2	3.284E-2	-0.283	1.112E-2
8.360	-1.937E-2	3.284E-2	-0.377	1.953E-2
8.370	-2.692E-2	3.379E-2	-0.566	4.358E-2
8.380	-3.070E-2	3.379E-2	-0.377	1.953E-2
8.390	-3.447E-2	3.473E-2	-0.566	4.358E-2
8.400	-4.202E-2	3.473E-2	-0.472	3.126E-2
8.410	-4.391E-2	3.662E-2	-0.236	1.022E-2
8.420	-4.674E-2	3.756E-2	-0.142	3.005E-3
8.430	-4.674E-2	3.756E-2	0.000	3.088E-30
8.440	-4.674E-2	3.756E-2	0.000	3.005E-4
8.450	-4.674E-2	3.850E-2	-0.189	6.011E-3
8.460	-5.051E-2	3.945E-2	-4.718E-2	3.005E-4
8.470	-4.768E-2	3.850E-2	0.425	2.434E-2
8.480	-4.202E-2	3.945E-2	0.330	1.743E-2
8.490	-4.108E-2	4.133E-2	0.189	7.513E-3
8.500	-3.825E-2	4.228E-2	0.236	7.814E-3
8.510	-3.636E-2	4.228E-2	0.189	4.809E-3
8.520	-3.447E-2	4.228E-2	0.283	1.202E-2
8.530	-3.070E-2	4.417E-2	0.283	1.202E-2
8.540	-2.881E-2	4.417E-2	0.236	7.513E-3
8.550	-2.598E-2	4.417E-2	0.283	1.082E-2
8.560	-2.315E-2	4.417E-2	0.802	8.806E-2
8.570	-9.938E-3	4.605E-2	0.849	0.100
8.580	-6.163E-3	4.700E-2	0.283	1.202E-2
8.590	-4.276E-3	4.794E-2	0.519	3.757E-2
8.600	4.217E-3	4.888E-2	0.755	7.814E-2
8.610	1.082E-2	4.983E-2	0.519	3.667E-2
8.620	1.460E-2	4.983E-2	0.613	5.199E-2
8.630	2.309E-2	5.171E-2	0.661	6.011E-2
8.640	2.781E-2	5.171E-2	0.566	4.328E-2
8.650	3.441E-2	5.171E-2	0.566	4.328E-2
8.660	3.913E-2	5.171E-2	0.755	7.814E-2
8.670	4.951E-2	5.360E-2	0.991	0.135
8.680	5.895E-2	5.455E-2	0.613	5.109E-2
8.690	6.178E-2	5.455E-2	0.377	1.923E-2
8.700	6.650E-2	5.455E-2	0.377	1.923E-2
8.710	6.933E-2	5.455E-2	0.661	5.921E-2
8.720	7.971E-2	5.549E-2	0.661	5.921E-2
8.730	8.254E-2	5.360E-2	0.142	3.907E-3
8.740	8.254E-2	5.360E-2	0.377	1.923E-2
8.750	9.009E-2	5.360E-2	0.377	1.923E-2
8.760	9.009E-2	5.360E-2	0.142	3.907E-3
8.770	9.292E-2	5.171E-2	0.330	1.593E-2
8.780	9.669E-2	5.171E-2	0.236	7.814E-3
8.790	9.764E-2	5.077E-2	4.718E-2	1.503E-3
8.800	9.764E-2	4.983E-2	9.437E-2	2.404E-3
8.810	9.953E-2	4.888E-2	0.142	5.410E-3
8.820	0.100	4.700E-2	4.718E-2	3.005E-3
8.830	0.100	4.605E-2	0.000	1.202E-3
8.840	0.100	4.511E-2	-0.330	1.473E-2
8.850	9.386E-2	4.605E-2	-0.377	1.953E-2
8.860	9.292E-2	4.605E-2	-0.142	5.410E-3
8.870	9.103E-2	4.322E-2	-0.283	2.164E-2
8.880	8.726E-2	4.039E-2	-0.330	1.743E-2
8.890	8.443E-2	4.039E-2	-0.330	1.593E-2
8.900	8.065E-2	3.850E-2	-0.330	1.593E-2
8.910	7.782E-2	3.850E-2	-0.142	2.705E-3
8.920	7.782E-2	3.850E-2	-0.519	3.667E-2
8.930	6.744E-2	3.756E-2	-0.896	0.110
8.940	5.989E-2	3.662E-2	-0.661	5.921E-2
8.950	5.423E-2	3.662E-2	-0.566	4.328E-2
8.960	4.857E-2	3.662E-2	-0.425	2.555E-2
8.970	4.574E-2	3.473E-2	-0.330	1.593E-2
8.980	4.196E-2	3.473E-2	-0.661	6.011E-2
8.990	3.253E-2	3.284E-2	-0.896	0.113
9.000	2.403E-2	3.095E-2	-0.613	5.350E-2
9.010	2.026E-2	3.001E-2	-0.472	3.276E-2
9.020	1.460E-2	2.812E-2	-0.566	4.598E-2
9.030	8.935E-3	2.718E-2	-0.519	3.667E-2
9.040	4.217E-3	2.718E-2	-0.472	3.126E-2
9.050	-5.011E-4	2.529E-2	-0.519	3.757E-2
9.060	-6.163E-3	2.529E-2	-0.661	5.921E-2
9.070	-1.371E-2	2.624E-2	-0.472	3.035E-2
9.080	-1.560E-2	2.624E-2	-0.519	3.667E-2
9.090	-2.409E-2	2.529E-2	-0.661	5.921E-2
9.100	-2.881E-2	2.529E-2	-0.519	3.636E-2
9.110	-3.447E-2	2.529E-2	-0.377	1.923E-2
9.120	-3.636E-2	2.529E-2	-0.189	4.809E-3
9.130	-3.825E-2	2.529E-2	-0.189	4.809E-3
9.140	-4.013E-2	2.529E-2	-9.437E-2	1.202E-3
9.150	-4.013E-2	2.529E-2	0.000	0.000
9.160	-4.013E-2	2.529E-2	0.000	0.000
9.170	-4.013E-2	2.529E-2	0.000	0.000
9.180	-4.013E-2	2.529E-2	0.000	0.000
9.190	-4.013E-2	2.529E-2	9.437E-2	1.202E-3
9.200	-3.825E-2	2.529E-2	0.189	4.809E-3
9.210	-3.636E-2	2.529E-2	0.189	4.809E-3
9.220	-3.447E-2	2.529E-2	0.189	5.109E-3
9.230	-3.259E-2	2.624E-2	0.283	1.202E-2
9.240	-2.881E-2	2.718E-2	0.425	2.555E-2
9.250	-2.409E-2	2.812E-2	0.472	3.126E-2
9.260	-1.937E-2	2.907E-2	0.472	3.126E-2
9.270	-1.466E-2	3.001E-2	0.566	4.448E-2
9.280	-8.050E-3	3.095E-2	0.472	3.276E-2
9.290	-5.219E-3	3.284E-2	0.425	2.705E-2
9.300	4.425E-4	3.379E-2	0.519	3.757E-2
9.310	5.161E-3	3.473E-2	0.519	3.757E-2
9.320	1.082E-2	3.567E-2	0.802	8.806E-2
9.330	2.120E-2	3.662E-2	0.944	0.121
9.340	2.970E-2	3.662E-2	0.708	6.882E-2
9.350	3.536E-2	3.850E-2	0.661	6.011E-2
9.360	4.291E-2	3.850E-2	0.661	6.161E-2
9.370	4.857E-2	4.133E-2	0.472	3.486E-2
9.380	5.234E-2	4.228E-2	0.472	3.276E-2
9.390	5.801E-2	4.417E-2	0.613	5.560E-2
9.400	6.461E-2	4.605E-2	0.566	4.448E-2
9.410	6.933E-2	4.605E-2	0.613	5.109E-2
9.420	7.688E-2	4.700E-2	0.425	2.555E-2
9.430	7.782E-2	4.794E-2	0.472	3.035E-2
9.440	8.631E-2	4.794E-2	0.613	5.109E-2
9.450	9.009E-2	4.888E-2	0.236	8.716E-3
9.460	9.103E-2	4.983E-2	9.437E-2	1.503E-3
9.470	9.198E-2	4.983E-2	0.189	6.011E-3
9.480	9.481E-2	5.171E-2	0.330	1.593E-2
9.490	9.858E-2	5.171E-2	0.236	7.513E-3
9.500	9.953E-2	5.171E-2	0.142	2.705E-3
9.510	0.101	5.171E-2	9.437E-2	1.202E-3
9.520	0.101	5.171E-2	0.000	0.000
9.530	0.101	5.171E-2	0.000	0.000
9.540	0.101	5.171E-2	0.000	0.000
9.550	0.101	5.171E-2	-0.142	2.705E-3
9.560	9.858E-2	5.171E-2	-0.236	7.513E-3
9.570	9.669E-2	5.171E-2	-0.283	1.082E-2
9.580	9.292E-2	5.171E-2	-0.236	7.513E-3
9.590	9.198E-2	5.171E-2	-0.283	1.202E-2
9.600	8.726E-2	5.360E-2	-0.472	3.276E-2
9.610	8.254E-2	5.455E-2	-0.519	3.757E-2
9.620	7.688E-2	5.549E-2	-0.425	2.464E-2
9.630	7.405E-2	5.549E-2	-0.283	1.082E-2
9.640	7.122E-2	5.549E-2	-0.283	1.082E-2
9.650	6.839E-2	5.549E-2	-0.566	4.448E-2
9.660	5.989E-2	5.360E-2	-0.802	8.806E-2
9.670	5.234E-2	5.360E-2	-0.566	4.358E-2
9.680	4.857E-2	5.266E-2	-0.472	3.035E-2
9.690	4.291E-2	5.266E-2	-0.519	3.636E-2
9.700	3.819E-2	5.266E-2	-0.425	2.434E-2
9.710	3.441E-2	5.266E-2	-0.283	1.082E-2
9.720	3.253E-2	5.266E-2	-0.991	0.137
9.730	1.460E-2	4.888E-2	-1.180	0.195
9.740	8.935E-3	4.794E-2	-0.566	4.358E-2
9.750	3.273E-3	4.794E-2	-0.472	3.005E-2
9.760	-5.011E-4	4.794E-2	-0.377	2.044E-2
9.770	-4.276E-3	4.605E-2	-0.472	3.276E-2
9.780	-9.938E-3	4.511E-2	-0.519	3.667E-2
9.790	-1.466E-2	4.511E-2	-0.708	7.033E-2
9.800	-2.409E-2	4.228E-2	-0.519	3.907E-2
9.810	-2.504E-2	4.228E-2	-0.189	4.809E-3
9.820	-2.787E-2	4.228E-2	-0.189	4.809E-3
9.830	-2.881E-2	4.228E-2	-0.189	7.513E-3
9.840	-3.164E-2	3.945E-2	-0.189	9.617E-3
9.850	-3.259E-2	3.850E-2	-0.142	3.907E-3
9.860	-3.447E-2	3.756E-2	-0.189	6.011E-3
9.870	-3.636E-2	3.662E-2	-0.142	5.410E-3
9.880	-3.730E-2	3.473E-2	-4.718E-2	1.503E-3
9.890	-3.730E-2	3.473E-2	0.000	0.000
9.900	-3.730E-2	3.473E-2	0.000	0.000
9.910	-3.730E-2	3.473E-2	0.236	1.232E-2
9.920	-3.259E-2	3.095E-2	0.425	3.516E-2
9.930	-2.881E-2	2.907E-2	0.472	3.126E-2
9.940	-2.315E-2	2.907E-2	0.566	4.328E-2
9.950	-1.749E-2	2.907E-2	0.472	3.005E-2
9.960	-1.371E-2	2.907E-2	0.330	1.473E-2
9.970	-1.088E-2	2.907E-2	0.236	7.513E-3
9.980	-8.994E-3	2.907E-2	0.330	1.593E-2
9.990	-4.276E-3	2.718E-2	0.613	5.199E-2
10.000	3.273E-3	2.718E-2	0.613	5.079E-2
10.010	7.992E-3	2.718E-2	0.425	2.434E-2
10.020	1.177E-2	2.718E-2	0.613	5.079E-2
10.030	2.026E-2	2.718E-2	0.661	5.891E-2
10.040	2.498E-2	2.718E-2	0.566	4.328E-2
10.050	3.158E-2	2.718E-2	0.661	6.011E-2
10.060	3.819E-2	2.907E-2	0.661	6.161E-2
10.070	4.479E-2	3.001E-2	0.708	6.792E-2
10.080	5.234E-2	3.001E-2	0.613	5.079E-2
10.090	5.706E-2	3.001E-2	0.708	6.762E-2
10.100	6.650E-2	3.001E-2	0.613	5.079E-2
10.110	6.933E-2	3.001E-2	0.472	3.126E-2
10.120	7.593E-2	3.190E-2	0.425	2.555E-2
10.130	7.782E-2	3.190E-2	0.519	3.667E-2
10.140	8.631E-2	3.284E-2	0.519	3.667E-2
10.150	8.820E-2	3.284E-2	0.896	0.110
10.160	0.104	3.473E-2		

