# Time (s)	Position (m)	Velocity (ms^-1)
0.000	-7.530E-2	0.0
0.010	-7.119E-2	0.445
0.020	-6.640E-2	0.479
0.030	-6.161E-2	0.479
0.040	-5.682E-2	0.479
0.050	-5.203E-2	0.479
0.060	-4.723E-2	0.582
0.070	-4.039E-2	0.753
0.080	-3.217E-2	0.787
0.090	-2.464E-2	0.650
0.100	-1.917E-2	0.685
0.110	-1.095E-2	0.890
0.120	-1.369E-3	0.787
0.130	4.792E-3	0.650
0.140	1.164E-2	0.719
0.150	1.917E-2	0.821
0.160	2.807E-2	0.719
0.170	3.354E-2	0.479
0.180	3.765E-2	0.548
0.190	4.450E-2	0.582
0.200	4.929E-2	0.548
0.210	5.545E-2	0.513
0.220	5.956E-2	0.513
0.230	6.572E-2	0.308
0.240	6.572E-2	0.103
0.250	6.777E-2	0.274
0.260	7.119E-2	0.240
0.270	7.256E-2	3.423E-2
0.280	7.188E-2	-0.103
0.290	7.051E-2	-0.103
0.300	6.982E-2	-0.274
0.310	6.503E-2	-0.376
0.320	6.229E-2	-0.376
0.330	5.750E-2	-0.479
0.340	5.271E-2	-0.445
0.350	4.860E-2	-0.548
0.360	4.176E-2	-0.616
0.370	3.628E-2	-0.582
0.380	3.012E-2	-0.787
0.390	2.054E-2	-0.753
0.400	1.506E-2	-0.650
0.410	7.530E-3	-0.787
0.420	-6.845E-4	-0.821
0.430	-8.899E-3	-0.753
0.440	-1.574E-2	-0.650
0.450	-2.191E-2	-0.753
0.460	-3.080E-2	-0.787
0.470	-3.765E-2	-0.787
0.480	-4.655E-2	-0.719
0.490	-5.203E-2	-0.513
0.500	-5.682E-2	-0.479
0.510	-6.161E-2	-0.548
0.520	-6.777E-2	-0.513
0.530	-7.188E-2	-0.376
0.540	-7.530E-2	-0.308
0.550	-7.804E-2	-0.205
0.560	-7.941E-2	-0.103
0.570	-8.009E-2	-6.845E-2
0.580	-8.078E-2	-3.423E-2
0.590	-8.078E-2	0.137
0.600	-7.804E-2	0.171
0.610	-7.735E-2	0.240
0.620	-7.325E-2	0.342
0.630	-7.051E-2	0.205
0.640	-6.914E-2	0.445
0.650	-6.161E-2	0.582
0.660	-5.750E-2	0.582
0.670	-4.997E-2	0.582
0.680	-4.586E-2	0.582
0.690	-3.833E-2	0.650
0.700	-3.286E-2	0.753
0.710	-2.327E-2	0.821
0.720	-1.643E-2	0.753
0.730	-8.215E-3	0.685
0.740	-2.738E-3	0.719
0.750	6.161E-3	0.821
0.760	1.369E-2	0.719
0.770	2.054E-2	0.753
0.780	2.875E-2	0.753
0.790	3.560E-2	0.548
0.800	3.970E-2	0.548
0.810	4.655E-2	0.582
0.820	5.134E-2	0.411
0.830	5.476E-2	0.445
0.840	6.024E-2	0.445
0.850	6.366E-2	0.342
0.860	6.709E-2	0.240
0.870	6.845E-2	0.103
0.880	6.914E-2	0.103
0.890	7.051E-2	3.423E-2
0.900	6.982E-2	-0.137
0.910	6.777E-2	-0.205
0.920	6.572E-2	-0.171
0.930	6.435E-2	-0.240
0.940	6.092E-2	-0.342
0.950	5.750E-2	-0.445
0.960	5.203E-2	-0.582
0.970	4.586E-2	-0.616
0.980	3.970E-2	-0.616
0.990	3.354E-2	-0.582
1.000	2.807E-2	-0.616
1.010	2.122E-2	-0.890
1.020	1.027E-2	-0.787
1.030	5.476E-3	-0.650
1.040	-2.738E-3	-0.787
1.050	-1.027E-2	-0.719
1.060	-1.711E-2	-0.821
1.070	-2.670E-2	-0.753
1.080	-3.217E-2	-0.582
1.090	-3.833E-2	-0.685
1.100	-4.586E-2	-0.719
1.110	-5.271E-2	-0.616
1.120	-5.819E-2	-0.411
1.130	-6.092E-2	-0.308
1.140	-6.435E-2	-0.479
1.150	-7.051E-2	-0.376
1.160	-7.188E-2	-0.274
1.170	-7.598E-2	-0.342
1.180	-7.872E-2	-0.103
1.190	-7.804E-2	3.423E-2
1.200	-7.804E-2	-3.423E-2
1.210	-7.872E-2	0.103
1.220	-7.598E-2	0.171
1.230	-7.530E-2	0.205
1.240	-7.188E-2	0.411
1.250	-6.709E-2	0.445
1.260	-6.298E-2	0.479
1.270	-5.750E-2	0.548
1.280	-5.203E-2	0.616
1.290	-4.518E-2	0.616
1.300	-3.970E-2	0.650
1.310	-3.217E-2	0.753
1.320	-2.464E-2	0.753
1.330	-1.711E-2	0.719
1.340	-1.027E-2	0.685
1.350	-3.423E-3	0.821
1.360	6.161E-3	0.787
1.370	1.232E-2	0.787
1.380	2.191E-2	0.753
1.390	2.738E-2	0.753
1.400	3.697E-2	0.753
1.410	4.244E-2	0.616
1.420	4.929E-2	0.616
1.430	5.476E-2	0.616
1.440	6.161E-2	0.445
1.450	6.366E-2	0.342
1.460	6.845E-2	0.342
1.470	7.051E-2	0.274
1.480	7.393E-2	0.308
1.490	7.667E-2	0.137
1.500	7.667E-2	-3.423E-2
1.510	7.598E-2	-3.423E-2
1.520	7.598E-2	-3.423E-2
1.530	7.530E-2	-6.845E-2
1.540	7.462E-2	-0.240
1.550	7.051E-2	-0.411
1.560	6.640E-2	-0.274
1.570	6.503E-2	-0.342
1.580	5.956E-2	-0.650
1.590	5.203E-2	-0.650
1.600	4.655E-2	-0.582
1.610	4.039E-2	-0.719
1.620	3.217E-2	-0.650
1.630	2.738E-2	-0.513
1.640	2.191E-2	-0.650
1.650	1.438E-2	-0.821
1.660	5.476E-3	-0.787
1.670	-1.369E-3	-0.787
1.680	-1.027E-2	-0.719
1.690	-1.574E-2	-0.650
1.700	-2.327E-2	-0.787
1.710	-3.149E-2	-0.650
1.720	-3.628E-2	-0.513
1.730	-4.176E-2	-0.548
1.740	-4.723E-2	-0.616
1.750	-5.408E-2	-0.445
1.760	-5.613E-2	-0.308
1.770	-6.024E-2	-0.342
1.780	-6.298E-2	-0.240
1.790	-6.503E-2	-0.171
1.800	-6.640E-2	-0.103
1.810	-6.709E-2	-6.845E-2
1.820	-6.777E-2	0.000
1.830	-6.709E-2	6.845E-2
1.840	-6.640E-2	0.240
1.850	-6.229E-2	0.240
1.860	-6.161E-2	0.171
1.870	-5.887E-2	0.342
1.880	-5.476E-2	0.513
1.890	-4.860E-2	0.479
1.900	-4.518E-2	0.753
1.910	-3.354E-2	0.958
1.920	-2.601E-2	0.548
1.930	-2.259E-2	0.479
1.940	-1.643E-2	0.753
1.950	-7.530E-3	0.753
1.960	-1.369E-3	0.685
1.970	6.161E-3	0.821
1.980	1.506E-2	0.958
1.990	2.533E-2	0.685
2.000	2.875E-2	0.582
2.010	3.697E-2	0.890
2.020	4.655E-2	0.685
2.030	5.066E-2	0.376
2.040	5.408E-2	0.376
2.050	5.819E-2	0.650
2.060	6.709E-2	0.650
2.070	7.119E-2	0.308
2.080	7.325E-2	0.274
2.090	7.667E-2	0.445
2.100	8.215E-2	0.376
2.110	8.420E-2	0.205
2.120	8.625E-2	-3.423E-2
2.130	8.351E-2	-0.240
2.140	8.146E-2	-0.103
2.150	8.146E-2	-6.845E-2
2.160	8.009E-2	-0.205
2.170	7.735E-2	-0.308
2.180	7.393E-2	-0.308
2.190	7.119E-2	-0.376
2.200	6.640E-2	-0.685
2.210	5.750E-2	-0.616
2.220	5.408E-2	-0.616
2.230	4.518E-2	-0.719
2.240	3.970E-2	-0.753
2.250	3.012E-2	-0.856
2.260	2.259E-2	-0.685
2.270	1.643E-2	-0.753
2.280	7.530E-3	-0.890
2.290	-1.369E-3	-0.753
2.300	-7.530E-3	-0.582
2.310	-1.301E-2	-0.685
2.320	-2.122E-2	-0.753
2.330	-2.807E-2	-0.650
2.340	-3.423E-2	-0.582
2.350	-3.970E-2	-0.479
2.360	-4.381E-2	-0.411
2.370	-4.792E-2	-0.616
2.380	-5.613E-2	-0.445
2.390	-5.682E-2	-0.342
2.400	-6.298E-2	-0.342
2.410	-6.366E-2	-6.845E-2
2.420	-6.435E-2	-3.423E-2
2.430	-6.435E-2	0.000
2.440	-6.435E-2	0.000
2.450	-6.435E-2	6.845E-2
2.460	-6.298E-2	0.274
2.470	-5.887E-2	0.376
2.480	-5.545E-2	0.308
2.490	-5.271E-2	0.445
2.500	-4.655E-2	0.479
2.510	-4.313E-2	0.548
2.520	-3.560E-2	0.650
2.530	-3.012E-2	0.650
2.540	-2.259E-2	0.548
2.550	-1.917E-2	0.685
2.560	-8.899E-3	0.821
2.570	-2.738E-3	0.616
2.580	3.423E-3	0.821
2.590	1.369E-2	0.890
2.600	2.122E-2	0.650
2.610	2.670E-2	0.616
2.620	3.354E-2	0.685
2.630	4.039E-2	0.616
2.640	4.586E-2	0.719
2.650	5.476E-2	0.685
2.660	5.956E-2	0.376
2.670	6.229E-2	0.342
2.680	6.640E-2	0.616
2.690	7.462E-2	0.685
2.700	8.009E-2	0.274
2.710	8.009E-2	0.103
2.720	8.215E-2	0.137
2.730	8.283E-2	6.845E-2
2.740	8.351E-2	3.423E-2
2.750	8.351E-2	-3.423E-2
2.760	8.283E-2	-0.137
2.770	8.078E-2	-0.205
2.780	7.872E-2	-0.308
2.790	7.462E-2	-0.445
2.800	6.982E-2	-0.308
2.810	6.845E-2	-0.411
2.820	6.161E-2	-0.513
2.830	5.819E-2	-0.582
2.840	4.997E-2	-0.856
2.850	4.107E-2	-0.856
2.860	3.286E-2	-0.650
2.870	2.807E-2	-0.650
2.880	1.985E-2	-0.685
2.890	1.438E-2	-0.787
2.900	4.107E-3	-0.719
2.910	0.000	-0.685
2.920	-9.584E-3	-0.719
2.930	-1.438E-2	-0.548
2.940	-2.054E-2	-0.719
2.950	-2.875E-2	-0.821
2.960	-3.697E-2	-0.719
2.970	-4.313E-2	-0.479
2.980	-4.655E-2	-0.513
2.990	-5.339E-2	-0.548
3.000	-5.750E-2	-0.513
3.010	-6.366E-2	-0.308
3.020	-6.366E-2	-3.423E-2
3.030	-6.435E-2	-3.423E-2
3.040	-6.435E-2	0.000
3.050	-6.435E-2	0.000
3.060	-6.435E-2	0.000
3.070	-6.435E-2	0.000
3.080	-6.435E-2	6.845E-2
3.090	-6.298E-2	0.274
3.100	-5.887E-2	0.411
3.110	-5.476E-2	0.479
3.120	-4.929E-2	0.479
3.130	-4.518E-2	0.513
3.140	-3.902E-2	0.548
3.150	-3.423E-2	0.548
3.160	-2.807E-2	0.787
3.170	-1.848E-2	0.787
3.180	-1.232E-2	0.719
3.190	-4.107E-3	0.856
3.200	4.792E-3	0.753
3.210	1.095E-2	0.582
3.220	1.643E-2	0.719
3.230	2.533E-2	0.787
3.240	3.217E-2	0.685
3.250	3.902E-2	0.650
3.260	4.518E-2	0.616
3.270	5.134E-2	0.685
3.280	5.887E-2	0.616
3.290	6.366E-2	0.445
3.300	6.777E-2	0.308
3.310	6.982E-2	0.582
3.320	7.941E-2	0.513
3.330	8.009E-2	0.137
3.340	8.215E-2	0.171
3.350	8.351E-2	0.103
3.360	8.420E-2	3.423E-2
3.370	8.420E-2	-6.845E-2
3.380	8.283E-2	-0.171
3.390	8.078E-2	-0.274
3.400	7.735E-2	-0.205
3.410	7.667E-2	-0.445
3.420	6.845E-2	-0.753
3.430	6.161E-2	-0.479
3.440	5.887E-2	-0.513
3.450	5.134E-2	-0.787
3.460	4.313E-2	-0.753
3.470	3.628E-2	-0.548
3.480	3.217E-2	-0.479
3.490	2.670E-2	-0.616
3.500	1.985E-2	-0.890
3.510	8.899E-3	-1.027
3.520	-6.845E-4	-0.685
3.530	-4.792E-3	-0.753
3.540	-1.574E-2	-0.821
3.550	-2.122E-2	-0.719
3.560	-3.012E-2	-0.582
3.570	-3.286E-2	-0.650
3.580	-4.313E-2	-0.787
3.590	-4.860E-2	-0.411
3.600	-5.134E-2	-0.376
3.610	-5.613E-2	-0.342
3.620	-5.819E-2	-0.411
3.630	-6.435E-2	-0.445
3.640	-6.709E-2	-0.171
3.650	-6.777E-2	-0.103
3.660	-6.914E-2	-0.103
3.670	-6.982E-2	-6.845E-2
3.680	-7.051E-2	0.137
3.690	-6.709E-2	0.205
3.700	-6.640E-2	0.171
3.710	-6.366E-2	0.274
3.720	-6.092E-2	0.376
3.730	-5.613E-2	0.582
3.740	-4.929E-2	0.479
3.750	-4.655E-2	0.479
3.760	-3.970E-2	0.650
3.770	-3.354E-2	0.753
3.780	-2.464E-2	0.719
3.790	-1.917E-2	0.650
3.800	-1.164E-2	0.719
3.810	-4.792E-3	0.719
3.820	2.738E-3	0.821
3.830	1.164E-2	0.821
3.840	1.917E-2	0.616
3.850	2.396E-2	0.685
3.860	3.286E-2	0.685
3.870	3.765E-2	0.685
3.880	4.655E-2	0.650
3.890	5.066E-2	0.479
3.900	5.613E-2	0.548
3.910	6.161E-2	0.445
3.920	6.503E-2	0.342
3.930	6.845E-2	0.308
3.940	7.119E-2	0.479
3.950	7.804E-2	0.411
3.960	7.941E-2	0.103
3.970	8.009E-2	0.000
3.980	7.941E-2	-6.845E-2
3.990	7.872E-2	-0.171
4.000	7.598E-2	-0.205
4.010	7.462E-2	-0.171
4.020	7.256E-2	-0.274
4.030	6.914E-2	-0.445
4.040	6.366E-2	-0.548
4.050	5.819E-2	-0.445
4.060	5.476E-2	-0.445
4.070	4.929E-2	-0.685
4.080	4.107E-2	-0.890
4.090	3.149E-2	-0.787
4.100	2.533E-2	-0.616
4.110	1.917E-2	-0.719
4.120	1.095E-2	-0.856
4.130	2.054E-3	-0.787
4.140	-4.792E-3	-0.685
4.150	-1.164E-2	-0.685
4.160	-1.848E-2	-0.719
4.170	-2.601E-2	-0.753
4.180	-3.354E-2	-0.548
4.190	-3.697E-2	-0.582
4.200	-4.518E-2	-0.685
4.210	-5.066E-2	-0.616
4.220	-5.750E-2	-0.548
4.230	-6.161E-2	-0.274
4.240	-6.298E-2	-0.240
4.250	-6.640E-2	-0.308
4.260	-6.914E-2	-0.342
4.270	-7.325E-2	-0.240
4.280	-7.393E-2	-3.423E-2
4.290	-7.393E-2	6.845E-2
4.300	-7.256E-2	0.137
4.310	-7.119E-2	0.137
4.320	-6.982E-2	0.171
4.330	-6.777E-2	0.308
4.340	-6.366E-2	0.308
4.350	-6.161E-2	0.513
4.360	-5.339E-2	0.548
4.370	-5.066E-2	0.445
4.380	-4.450E-2	0.753
4.390	-3.560E-2	0.616
4.400	-3.217E-2	0.548
4.410	-2.464E-2	0.821
4.420	-1.574E-2	0.753
4.430	-9.584E-3	0.548
4.440	-4.792E-3	0.821
4.450	6.845E-3	0.821
4.460	1.164E-2	0.650
4.470	1.985E-2	0.753
4.480	2.670E-2	0.616
4.490	3.217E-2	0.513
4.500	3.697E-2	0.548
4.510	4.313E-2	0.719
4.520	5.134E-2	0.548
4.530	5.408E-2	0.308
4.540	5.750E-2	0.376
4.550	6.161E-2	0.376
4.560	6.503E-2	0.274
4.570	6.709E-2	0.137
4.580	6.777E-2	0.171
4.590	7.051E-2	0.137
4.600	7.051E-2	0.000
4.610	7.051E-2	-6.845E-2
4.620	6.914E-2	-0.308
4.630	6.435E-2	-0.548
4.640	5.819E-2	-0.582
4.650	5.271E-2	-0.479
4.660	4.860E-2	-0.342
4.670	4.586E-2	-0.308
4.680	4.244E-2	-0.479
4.690	3.628E-2	-0.719
4.700	2.807E-2	-0.753
4.710	2.122E-2	-0.616
4.720	1.574E-2	-0.753
4.730	6.161E-3	-0.924
4.740	-2.738E-3	-0.685
4.750	-7.530E-3	-0.685
4.760	-1.643E-2	-0.924
4.770	-2.601E-2	-0.787
4.780	-3.217E-2	-0.685
4.790	-3.970E-2	-0.650
4.800	-4.518E-2	-0.445
4.810	-4.860E-2	-0.445
4.820	-5.408E-2	-0.719
4.830	-6.298E-2	-0.548
4.840	-6.503E-2	-0.445
4.850	-7.188E-2	-0.445
4.860	-7.393E-2	-0.274
4.870	-7.735E-2	-0.240
4.880	-7.872E-2	-0.103
4.890	-7.941E-2	-0.137
4.900	-8.146E-2	-0.137
4.910	-8.215E-2	-3.423E-2
4.920	-8.215E-2	0.137
4.930	-7.941E-2	0.308
4.940	-7.598E-2	0.240
4.950	-7.462E-2	0.240
4.960	-7.119E-2	0.548
4.970	-6.366E-2	0.445
4.980	-6.229E-2	0.445
4.990	-5.476E-2	0.650
5.000	-4.929E-2	0.548
5.010	-4.381E-2	0.616
5.020	-3.697E-2	0.719
5.030	-2.944E-2	0.719
5.040	-2.259E-2	0.890
5.050	-1.164E-2	0.958
5.060	-3.423E-3	0.719
5.070	2.738E-3	0.719
5.080	1.095E-2	0.548
5.090	1.369E-2	0.479
5.100	2.054E-2	0.685
5.110	2.738E-2	0.650
5.120	3.354E-2	0.582
5.130	3.902E-2	0.513
5.140	4.381E-2	0.548
5.150	4.997E-2	0.376
5.160	5.134E-2	0.137
5.170	5.271E-2	0.479
5.180	6.092E-2	0.479
5.190	6.229E-2	0.103
5.200	6.298E-2	0.103
5.210	6.435E-2	3.423E-2
5.220	6.366E-2	-0.171
5.230	6.092E-2	-0.240
5.240	5.887E-2	-0.137
5.250	5.819E-2	-0.171
5.260	5.545E-2	-0.411
5.270	4.997E-2	-0.411
5.280	4.723E-2	-0.342
5.290	4.313E-2	-0.616
5.300	3.491E-2	-0.787
5.310	2.738E-2	-0.685
5.320	2.122E-2	-0.548
5.330	1.643E-2	-0.753
5.340	6.161E-3	-0.821
5.350	0.000	-0.650
5.360	-6.845E-3	-0.787
5.370	-1.574E-2	-0.890
5.380	-2.464E-2	-0.753
5.390	-3.080E-2	-0.548
5.400	-3.560E-2	-0.548
5.410	-4.176E-2	-0.650
5.420	-4.860E-2	-0.650
5.430	-5.476E-2	-0.719
5.440	-6.298E-2	-0.719
5.450	-6.914E-2	-0.445
5.460	-7.188E-2	-0.205
5.470	-7.325E-2	-0.308
5.480	-7.804E-2	-0.445
5.490	-8.215E-2	-0.240
5.500	-8.283E-2	-6.845E-2
5.510	-8.351E-2	-6.845E-2
5.520	-8.420E-2	-6.845E-2
5.530	-8.488E-2	-3.423E-2
5.540	-8.488E-2	0.171
5.550	-8.146E-2	0.376
5.560	-7.735E-2	0.308
5.570	-7.530E-2	0.308
5.580	-7.119E-2	0.411
5.590	-6.709E-2	0.342
5.600	-6.435E-2	0.445
5.610	-5.819E-2	0.685
5.620	-5.066E-2	0.821
5.630	-4.176E-2	0.650
5.640	-3.765E-2	0.616
5.650	-2.944E-2	0.821
5.660	-2.122E-2	0.719
5.670	-1.506E-2	0.616
5.680	-8.899E-3	0.753
5.690	0.000	0.821
5.700	7.530E-3	0.719
5.710	1.438E-2	0.753
5.720	2.259E-2	0.616
5.730	2.670E-2	0.616
5.740	3.491E-2	0.685
5.750	4.039E-2	0.479
5.760	4.450E-2	0.445
5.770	4.929E-2	0.411
5.780	5.271E-2	0.205
5.790	5.339E-2	0.274
5.800	5.819E-2	0.342
5.810	6.024E-2	0.274
5.820	6.366E-2	6.845E-2
5.830	6.161E-2	-0.137
5.840	6.092E-2	-0.103
5.850	5.956E-2	-0.274
5.860	5.545E-2	-0.240
5.870	5.476E-2	-0.342
5.880	4.860E-2	-0.376
5.890	4.723E-2	-0.308
5.900	4.244E-2	-0.513
5.910	3.697E-2	-0.616
5.920	3.012E-2	-0.787
5.930	2.122E-2	-0.719
5.940	1.574E-2	-0.582
5.950	9.584E-3	-0.753
5.960	6.845E-4	-0.685
5.970	-4.107E-3	-0.719
5.980	-1.369E-2	-0.787
5.990	-1.985E-2	-0.787
6.000	-2.944E-2	-0.753
6.010	-3.491E-2	-0.685
6.020	-4.313E-2	-0.753
6.030	-4.997E-2	-0.650
6.040	-5.613E-2	-0.582
6.050	-6.161E-2	-0.548
6.060	-6.709E-2	-0.411
6.070	-6.982E-2	-0.274
6.080	-7.256E-2	-0.342
6.090	-7.667E-2	-0.376
6.100	-8.009E-2	-0.308
6.110	-8.283E-2	-0.171
6.120	-8.351E-2	-0.274
6.130	-8.831E-2	-0.240
6.140	-8.831E-2	6.845E-2
6.150	-8.694E-2	0.137
6.160	-8.557E-2	0.137
6.170	-8.420E-2	0.205
6.180	-8.146E-2	0.308
6.190	-7.804E-2	0.411
6.200	-7.325E-2	0.616
6.210	-6.572E-2	0.513
6.220	-6.298E-2	0.445
6.230	-5.682E-2	0.685
6.240	-4.929E-2	0.650
6.250	-4.381E-2	0.616
6.260	-3.697E-2	0.719
6.270	-2.944E-2	0.753
6.280	-2.191E-2	0.787
6.290	-1.369E-2	0.890
6.300	-4.107E-3	0.753
6.310	1.369E-3	0.548
6.320	6.845E-3	0.616
6.330	1.369E-2	0.821
6.340	2.327E-2	0.856
6.350	3.080E-2	0.685
6.360	3.697E-2	0.513
6.370	4.107E-2	0.342
6.380	4.381E-2	0.205
6.390	4.518E-2	0.308
6.400	4.997E-2	0.411
6.410	5.339E-2	0.342
6.420	5.682E-2	0.376
6.430	6.092E-2	0.000
6.440	5.682E-2	-0.205
6.450	5.682E-2	3.423E-2
6.460	5.750E-2	-3.423E-2
6.470	5.613E-2	-0.205
6.480	5.339E-2	-0.205
6.490	5.203E-2	-0.274
6.500	4.792E-2	-0.411
6.510	4.381E-2	-0.513
6.520	3.765E-2	-0.582
6.530	3.217E-2	-0.445
6.540	2.875E-2	-0.650
6.550	1.917E-2	-0.787
6.560	1.301E-2	-0.650
6.570	6.161E-3	-0.650
6.580	0.000	-0.787
6.590	-9.584E-3	-0.821
6.600	-1.643E-2	-0.616
6.610	-2.191E-2	-0.548
6.620	-2.738E-2	-0.787
6.630	-3.765E-2	-0.719
6.640	-4.176E-2	-0.616
6.650	-4.997E-2	-0.616
6.660	-5.408E-2	-0.548
6.670	-6.092E-2	-0.548
6.680	-6.503E-2	-0.513
6.690	-7.119E-2	-0.479
6.700	-7.462E-2	-0.411
6.710	-7.941E-2	-0.376
6.720	-8.215E-2	-0.308
6.730	-8.557E-2	-0.240
6.740	-8.694E-2	-6.845E-2
6.750	-8.694E-2	0.000
6.760	-8.694E-2	0.000
6.770	-8.694E-2	6.845E-2
6.780	-8.557E-2	0.171
6.790	-8.351E-2	0.171
6.800	-8.215E-2	0.274
6.810	-7.804E-2	0.411
6.820	-7.393E-2	0.582
6.830	-6.640E-2	0.685
6.840	-6.024E-2	0.616
6.850	-5.408E-2	0.616
6.860	-4.792E-2	0.650
6.870	-4.107E-2	0.685
6.880	-3.423E-2	0.582
6.890	-2.944E-2	0.650
6.900	-2.122E-2	0.821
6.910	-1.301E-2	0.958
6.920	-2.054E-3	0.821
6.930	3.423E-3	0.616
6.940	1.027E-2	0.616
6.950	1.574E-2	0.753
6.960	2.533E-2	0.685
6.970	2.944E-2	0.479
6.980	3.491E-2	0.650
6.990	4.244E-2	0.479
7.000	4.450E-2	0.308
7.010	4.860E-2	0.342
7.020	5.134E-2	0.205
7.030	5.271E-2	0.205
7.040	5.545E-2	0.240
7.050	5.750E-2	0.171
7.060	5.887E-2	6.845E-2
7.070	5.887E-2	3.423E-2
7.080	5.956E-2	-6.845E-2
7.090	5.750E-2	-0.240
7.100	5.476E-2	-0.205
7.110	5.339E-2	-0.376
7.120	4.723E-2	-0.548
7.130	4.244E-2	-0.479
7.140	3.765E-2	-0.513
7.150	3.217E-2	-0.685
7.160	2.396E-2	-0.650
7.170	1.917E-2	-0.548
7.180	1.301E-2	-0.821
7.190	2.738E-3	-0.787
7.200	-2.738E-3	-0.616
7.210	-9.584E-3	-0.685
7.220	-1.643E-2	-0.787
7.230	-2.533E-2	-0.719
7.240	-3.080E-2	-0.753
7.250	-4.039E-2	-0.753
7.260	-4.586E-2	-0.650
7.270	-5.339E-2	-0.616
7.280	-5.819E-2	-0.616
7.290	-6.572E-2	-0.616
7.300	-7.051E-2	-0.479
7.310	-7.530E-2	-0.308
7.320	-7.667E-2	-0.171
7.330	-7.872E-2	-0.240
7.340	-8.146E-2	-0.479
7.350	-8.831E-2	-0.342
7.360	-8.831E-2	-3.423E-2
7.370	-8.899E-2	-3.423E-2
7.380	-8.899E-2	3.423E-2
7.390	-8.831E-2	0.240
7.400	-8.420E-2	0.240
7.410	-8.351E-2	0.240
7.420	-7.941E-2	0.274
7.430	-7.804E-2	0.308
7.440	-7.325E-2	0.582
7.450	-6.640E-2	0.513
7.460	-6.298E-2	0.479
7.470	-5.682E-2	0.616
7.480	-5.066E-2	0.719
7.490	-4.244E-2	0.856
7.500	-3.354E-2	0.787
7.510	-2.670E-2	0.685
7.520	-1.985E-2	0.753
7.530	-1.164E-2	0.924
7.540	-1.369E-3	0.719
7.550	2.738E-3	0.479
7.560	8.215E-3	0.616
7.570	1.506E-2	0.616
7.580	2.054E-2	0.479
7.590	2.464E-2	0.513
7.600	3.080E-2	0.616
7.610	3.697E-2	0.548
7.620	4.176E-2	0.308
7.630	4.313E-2	0.137
7.640	4.450E-2	0.513
7.650	5.339E-2	0.582
7.660	5.613E-2	0.171
7.670	5.682E-2	0.171
7.680	5.956E-2	3.423E-2
7.690	5.750E-2	-0.205
7.700	5.545E-2	-0.308
7.710	5.134E-2	-0.240
7.720	5.066E-2	-0.137
7.730	4.860E-2	-0.513
7.740	4.039E-2	-0.513
7.750	3.833E-2	-0.342
7.760	3.354E-2	-0.616
7.770	2.601E-2	-0.616
7.780	2.122E-2	-0.685
7.790	1.232E-2	-0.719
7.800	6.845E-3	-0.548
7.810	1.369E-3	-0.719
7.820	-7.530E-3	-0.719
7.830	-1.301E-2	-0.787
7.840	-2.327E-2	-0.821
7.850	-2.944E-2	-0.719
7.860	-3.765E-2	-0.719
7.870	-4.381E-2	-0.753
7.880	-5.271E-2	-0.719
7.890	-5.819E-2	-0.479
7.900	-6.229E-2	-0.548
7.910	-6.914E-2	-0.479
7.920	-7.188E-2	-0.411
7.930	-7.735E-2	-0.616
7.940	-8.420E-2	-0.411
7.950	-8.557E-2	-0.137
7.960	-8.694E-2	-0.137
7.970	-8.831E-2	-0.103
7.980	-8.899E-2	-0.103
7.990	-9.036E-2	-0.103
8.000	-9.104E-2	0.000
8.010	-9.036E-2	0.103
8.020	-8.899E-2	0.137
8.030	-8.762E-2	0.342
8.040	-8.215E-2	0.650
8.050	-7.462E-2	0.548
8.060	-7.119E-2	0.479
8.070	-6.503E-2	0.548
8.080	-6.024E-2	0.513
8.090	-5.476E-2	0.513
8.100	-4.997E-2	0.719
8.110	-4.039E-2	0.787
8.120	-3.423E-2	0.685
8.130	-2.670E-2	0.821
8.140	-1.780E-2	0.685
8.150	-1.301E-2	0.685
8.160	-4.107E-3	0.787
8.170	2.738E-3	0.719
8.180	1.027E-2	0.650
8.190	1.574E-2	0.719
8.200	2.464E-2	0.513
8.210	2.601E-2	0.274
8.220	3.012E-2	0.582
8.230	3.765E-2	0.479
8.240	3.970E-2	0.240
8.250	4.244E-2	0.308
8.260	4.586E-2	0.308
8.270	4.860E-2	0.205
8.280	4.997E-2	0.171
8.290	5.203E-2	0.240
8.300	5.476E-2	6.845E-2
8.310	5.339E-2	-0.171
8.320	5.134E-2	-0.137
8.330	5.066E-2	-0.171
8.340	4.792E-2	-0.308
8.350	4.450E-2	-0.376
8.360	4.039E-2	-0.479
8.370	3.491E-2	-0.548
8.380	2.944E-2	-0.582
8.390	2.327E-2	-0.582
8.400	1.780E-2	-0.685
8.410	9.584E-3	-0.685
8.420	4.107E-3	-0.719
8.430	-4.792E-3	-0.787
8.440	-1.164E-2	-0.787
8.450	-2.054E-2	-0.685
8.460	-2.533E-2	-0.685
8.470	-3.423E-2	-0.821
8.480	-4.176E-2	-0.582
8.490	-4.586E-2	-0.650
8.500	-5.476E-2	-0.582
8.510	-5.750E-2	-0.342
8.520	-6.161E-2	-0.719
8.530	-7.188E-2	-0.685
8.540	-7.530E-2	-0.411
8.550	-8.009E-2	-0.411
8.560	-8.351E-2	-0.274
8.570	-8.557E-2	-0.240
8.580	-8.831E-2	-0.171
8.590	-8.899E-2	-0.137
8.600	-9.104E-2	-0.171
8.610	-9.241E-2	-6.845E-2
8.620	-9.241E-2	0.103
8.630	-9.036E-2	0.274
8.640	-8.694E-2	0.205
8.650	-8.625E-2	0.205
8.660	-8.283E-2	0.342
8.670	-7.941E-2	0.513
8.680	-7.256E-2	0.445
8.690	-7.051E-2	0.479
8.700	-6.298E-2	0.685
8.710	-5.682E-2	0.719
8.720	-4.860E-2	0.616
8.730	-4.450E-2	0.513
8.740	-3.833E-2	0.787
8.750	-2.875E-2	0.856
8.760	-2.122E-2	0.719
8.770	-1.438E-2	0.685
8.780	-7.530E-3	0.787
8.790	1.369E-3	0.753
8.800	7.530E-3	0.685
8.810	1.506E-2	0.787
8.820	2.327E-2	0.582
8.830	2.670E-2	0.445
8.840	3.217E-2	0.479
8.850	3.628E-2	0.445
8.860	4.107E-2	0.411
8.870	4.450E-2	0.240
8.880	4.586E-2	0.240
8.890	4.929E-2	0.274
8.900	5.134E-2	0.137
8.910	5.203E-2	3.423E-2
8.920	5.203E-2	0.000
8.930	5.203E-2	-0.240
8.940	4.723E-2	-0.308
8.950	4.586E-2	-0.274
8.960	4.176E-2	-0.274
8.970	4.039E-2	-0.342
8.980	3.491E-2	-0.616
8.990	2.807E-2	-0.548
9.000	2.396E-2	-0.582
9.010	1.643E-2	-0.753
9.020	8.899E-3	-0.582
9.030	4.792E-3	-0.411
9.040	6.845E-4	-0.548
9.050	-6.161E-3	-0.787
9.060	-1.506E-2	-0.890
9.070	-2.396E-2	-0.821
9.080	-3.149E-2	-0.821
9.090	-4.039E-2	-0.719
9.100	-4.586E-2	-0.582
9.110	-5.203E-2	-0.719
9.120	-6.024E-2	-0.753
9.130	-6.709E-2	-0.616
9.140	-7.256E-2	-0.479
9.150	-7.667E-2	-0.376
9.160	-8.009E-2	-0.274
9.170	-8.215E-2	-0.274
9.180	-8.557E-2	-0.342
9.190	-8.899E-2	-0.240
9.200	-9.036E-2	-0.103
9.210	-9.104E-2	-6.845E-2
9.220	-9.173E-2	-6.845E-2
9.230	-9.241E-2	-3.423E-2
9.240	-9.241E-2	3.423E-2
9.250	-9.173E-2	0.240
9.260	-8.762E-2	0.274
9.270	-8.625E-2	0.205
9.280	-8.351E-2	0.240
9.290	-8.146E-2	0.513
9.300	-7.325E-2	0.821
9.310	-6.503E-2	0.719
9.320	-5.887E-2	0.548
9.330	-5.408E-2	0.548
9.340	-4.792E-2	0.719
9.350	-3.970E-2	0.753
9.360	-3.286E-2	0.685
9.370	-2.601E-2	0.650
9.380	-1.985E-2	0.821
9.390	-9.584E-3	0.856
9.400	-2.738E-3	0.616
9.410	2.738E-3	0.548
9.420	8.215E-3	0.616
9.430	1.506E-2	0.513
9.440	1.848E-2	0.753
9.450	3.012E-2	0.821
9.460	3.491E-2	0.240
9.470	3.491E-2	0.479
9.480	4.450E-2	0.650
9.490	4.792E-2	0.342
9.500	5.134E-2	0.240
9.510	5.271E-2	6.845E-2
9.520	5.271E-2	0.000
9.530	5.271E-2	0.103
9.540	5.476E-2	0.103
9.550	5.476E-2	0.000
9.560	5.476E-2	-0.103
9.570	5.271E-2	-0.171
9.580	5.134E-2	-0.445
9.590	4.381E-2	-0.650
9.600	3.833E-2	-0.548
9.610	3.286E-2	-0.479
9.620	2.875E-2	-0.479
9.630	2.327E-2	-0.616
9.640	1.643E-2	-0.582
9.650	1.164E-2	-0.650
9.660	3.423E-3	-0.821
9.670	-4.792E-3	-0.856
9.680	-1.369E-2	-0.856
9.690	-2.191E-2	-0.753
9.700	-2.875E-2	-0.753
9.710	-3.697E-2	-0.582
9.720	-4.039E-2	-0.548
9.730	-4.792E-2	-0.582
9.740	-5.203E-2	-0.445
9.750	-5.682E-2	-0.685
9.760	-6.572E-2	-0.616
9.770	-6.914E-2	-0.445
9.780	-7.462E-2	-0.308
9.790	-7.530E-2	-0.240
9.800	-7.941E-2	-0.411
9.810	-8.351E-2	-0.342
9.820	-8.625E-2	-0.205
9.830	-8.762E-2	3.423E-2
9.840	-8.557E-2	0.171
9.850	-8.420E-2	0.103
9.860	-8.351E-2	0.103
9.870	-8.215E-2	0.171
9.880	-8.009E-2	0.445
9.890	-7.325E-2	0.479
9.900	-7.051E-2	0.342
9.910	-6.640E-2	0.308
9.920	-6.435E-2	0.513
9.930	-5.613E-2	0.821
9.940	-4.792E-2	0.719
9.950	-4.176E-2	0.719
9.960	-3.354E-2	0.719
9.970	-2.738E-2	0.685
9.980	-1.985E-2	0.719
9.990	-1.301E-2	0.719
10.000	-5.476E-3	0.685
10.010	6.845E-4	0.582
10.020	6.161E-3	0.616
10.030	1.301E-2	0.787
10.040	2.191E-2	0.719
10.050	2.738E-2	0.582
10.060	3.354E-2	0.616
10.070	3.970E-2	0.548
10.080	4.450E-2	0.376
10.090	4.723E-2	0.308
10.100	5.066E-2	0.548
10.110	5.819E-2	0.445
10.120	5.956E-2	0.171
10.130	6.161E-2	0.137
10.140	6.229E-2	3.423E-2
10.150	6.229E-2	0.000
10.160	6.229E-2	-3.423E-2
10.170	6.161E-2	-0.171
10.180	5.887E-2	-0.205
10.190	5.750E-2	-0.171
10.200	5.545E-2	-0.171
10.210	5.408E-2	-0.513
10.220	4.518E-2	-0.582
10.230	4.244E-2	-0.582
10.240	3.354E-2	-0.787
10.250	2.670E-2	-0.616
10.260	2.122E-2	-0.513
10.270	1.643E-2	-0.787
10.280	5.476E-3	-0.958
10.290	-2.738E-3	-0.719
10.300	-8.899E-3	-0.582
10.310	-1.438E-2	-0.685
10.320	-2.259E-2	-0.787
10.330	-3.012E-2	-0.616
10.340	-3.491E-2	-0.445
10.350	-3.902E-2	-0.753
10.360	-4.997E-2	-0.753
10.370	-5.408E-2	-0.376
10.380	-5.750E-2	-0.513
10.390	-6.435E-2	-0.445
10.400	-6.640E-2	-0.342
10.410	-7.119E-2	-0.411
10.420	-7.462E-2	-0.342
10.430	-7.804E-2	-0.308
10.440	-8.078E-2	-0.137
10.450	-8.078E-2	0.103
10.460	-7.872E-2	0.103
10.470	-7.872E-2	3.423E-2
10.480	-7.804E-2	3.423E-2
10.490	-7.804E-2	3.423E-2
10.500	-7.735E-2	0.274
10.510	-7.256E-2	0.274
10.520	-7.188E-2	0.411
10.530	-6.435E-2	0.685
10.540	-5.819E-2	0.753
10.550	-4.929E-2	0.753
10.560	-4.313E-2	0.650
10.570	-3.628E-2	0.856
10.580	-2.601E-2	0.719
10.590	-2.191E-2	0.308
10.600	-1.985E-2	0.513
10.610	-1.164E-2	0.753
10.620	-4.792E-3	0.787
10.630	4.107E-3	0.856
10.640	1.232E-2	0.787
10.650	1.985E-2	0.856
10.660	2.944E-2	0.616
10.670	3.217E-2	0.342
10.680	3.628E-2	0.445
10.690	4.107E-2	0.411
10.700	4.450E-2	0.342
10.710	4.792E-2	0.479
10.720	5.408E-2	0.513
10.730	5.819E-2	0.240
10.740	5.887E-2	0.171
10.750	6.161E-2	0.171
10.760	6.229E-2	6.845E-2
10.770	6.298E-2	-3.423E-2
10.780	6.161E-2	-6.845E-2
10.790	6.161E-2	-6.845E-2
10.800	6.024E-2	-0.308
10.810	5.545E-2	-0.308
10.820	5.408E-2	-0.274
10.830	4.997E-2	-0.582
10.840	4.244E-2	-0.616
10.850	3.765E-2	-0.513
10.860	3.217E-2	-0.582
10.870	2.601E-2	-0.650
10.880	1.917E-2	-0.753
10.890	1.095E-2	-0.445
10.900	1.027E-2	-0.582
10.910	-6.845E-4	-0.958
10.920	-8.899E-3	-0.650
10.930	-1.369E-2	-0.719
10.940	-2.327E-2	-0.753
10.950	-2.875E-2	-0.616
10.960	-3.560E-2	-0.582
10.970	-4.039E-2	-0.548
10.980	-4.655E-2	-0.548
10.990	-5.134E-2	-0.685
11.000	-6.024E-2	-0.650
11.010	-6.435E-2	-0.308
11.020	-6.640E-2	-0.240
11.030	-6.914E-2	-0.376
11.040	-7.393E-2	-0.411
11.050	-7.735E-2	-0.137
11.060	-7.667E-2	3.423E-2
11.070	-7.667E-2	-3.423E-2
11.080	-7.735E-2	-3.423E-2
11.090	-7.735E-2	3.423E-2
11.100	-7.667E-2	0.103
11.110	-7.530E-2	0.103
11.120	-7.462E-2	0.137
11.130	-7.256E-2	0.342
11.140	-6.777E-2	0.753
11.150	-5.750E-2	0.685
11.160	-5.408E-2	0.616
11.170	-4.518E-2	0.548
11.180	-4.313E-2	0.411
11.190	-3.697E-2	0.685
11.200	-2.944E-2	0.821
11.210	-2.054E-2	0.890
11.220	-1.164E-2	0.787
11.230	-4.792E-3	0.582
11.240	0.000	0.650
11.250	8.215E-3	0.753
11.260	1.506E-2	0.787
11.270	2.396E-2	0.685
11.280	2.875E-2	0.513
11.290	3.423E-2	0.513
11.300	3.902E-2	0.411
11.310	4.244E-2	0.548
11.320	4.997E-2	0.548
11.330	5.339E-2	0.274
11.340	5.545E-2	0.240
11.350	5.819E-2	0.240
11.360	6.024E-2	0.171
11.370	6.161E-2	0.137
11.380	6.298E-2	0.137
11.390	6.435E-2	6.845E-2
11.400	6.435E-2	-6.845E-2
11.410	6.298E-2	-0.205
11.420	6.024E-2	-0.342
11.430	5.613E-2	-0.445
11.440	5.134E-2	-0.308
11.450	4.997E-2	-0.274
11.460	4.586E-2	-0.685
11.470	3.628E-2	-0.753
11.480	3.080E-2	-0.445
11.490	2.738E-2	-0.479
11.500	2.122E-2	-0.753
11.510	1.232E-2	-0.685
11.520	7.530E-3	-0.582
11.530	6.845E-4	-0.753
11.540	-7.530E-3	-0.821
11.550	-1.574E-2	-0.753
11.560	-2.259E-2	-0.685
11.570	-2.944E-2	-0.856
11.580	-3.970E-2	-0.616
11.590	-4.176E-2	-0.513
11.600	-4.997E-2	-0.616
11.610	-5.408E-2	-0.342
11.620	-5.682E-2	-0.308
11.630	-6.024E-2	-0.650
11.640	-6.982E-2	-0.616
11.650	-7.256E-2	-0.171
11.660	-7.325E-2	-0.240
11.670	-7.735E-2	-0.205
11.680	-7.735E-2	0.000
11.690	-7.735E-2	0.000
11.700	-7.735E-2	0.000
11.710	-7.735E-2	0.000
11.720	-7.735E-2	0.171
11.730	-7.393E-2	0.411
11.740	-6.914E-2	0.308
11.750	-6.777E-2	0.240
11.760	-6.435E-2	0.342
11.770	-6.092E-2	0.753
11.780	-4.929E-2	1.095
11.790	-3.902E-2	0.685
11.800	-3.560E-2	0.445
11.810	-3.012E-2	0.513
11.820	-2.533E-2	0.650
11.830	-1.711E-2	0.753
11.840	-1.027E-2	0.787
11.850	-1.369E-3	0.685
11.860	3.423E-3	0.342
11.870	5.476E-3	0.650
11.880	1.643E-2	0.821
11.890	2.191E-2	0.616
11.900	2.875E-2	0.548
11.910	3.286E-2	0.582
11.920	4.039E-2	0.650
11.930	4.586E-2	0.479
11.940	4.997E-2	0.445
11.950	5.476E-2	0.445
11.960	5.887E-2	0.479
11.970	6.435E-2	0.650
11.980	7.188E-2	-0.103
11.990	6.229E-2	-0.376
12.000	6.435E-2	0.274
12.010	6.777E-2	-6.845E-2
12.020	6.298E-2	-0.342
12.030	6.092E-2	-0.171
12.040	5.956E-2	-0.240
12.050	5.613E-2	-0.342
12.060	5.271E-2	-0.342
12.070	4.929E-2	-0.445
12.080	4.381E-2	-0.616
12.090	3.697E-2	-0.616
12.100	3.149E-2	-0.616
